5
7 57
1 1 2 4 0
1 4 4 5 1
2 5 2 5 0
3 2 1 4 0
5 5 2 4 1
6 3 5 3 1
8 3 2 4 1
9 2 4 1 0
14 5 5 2 1
17 1 2 3 0
17 7 1 4 1
24 7 3 5 1
25 4 3 5 0
27 4 1 3 1
30 4 1 1 0
31 1 1 2 0
32 4 2 2 1
33 1 3 4 0
34 5 5 3 0
34 7 2 1 0
37 6 4 4 1
38 5 2 5 0
40 2 3 4 1
40 7 3 1 1
42 3 4 4 1
42 4 5 1 0
42 4 4 2 1
46 7 3 2 0
48 7 5 1 0
50 5 5 2 0
52 5 2 1 1
52 3 3 2 0
54 6 1 2 1
55 7 4 4 0
56 5 5 5 0
57 6 1 1 1
57 6 2 3 0
58 7 4 2 0
59 4 4 3 1
62 5 2 2 0
70 5 1 1 1
73 4 5 3 0
73 3 2 2 0
74 1 5 5 1
74 7 5 2 0
75 5 4 1 1
76 6 4 5 1
81 5 4 2 0
82 6 3 4 0
86 2 3 4 1
86 2 2 2 1
87 2 5 3 0
89 6 5 2 0
90 5 3 4 1
90 5 2 2 0
94 3 1 5 1
95 6 2 5 1
6 58
7 2 4 2 1
8 5 5 4 1
9 1 4 4 1
12 3 3 1 1
12 6 2 4 0
13 6 5 2 0
14 3 1 1 0
16 5 2 1 0
17 3 5 3 0
19 2 5 5 0
20 3 2 2 1
20 1 2 2 0
21 2 4 5 1
22 4 4 3 0
22 3 1 1 0
24 1 4 5 0
24 1 5 1 0
26 5 3 4 1
26 4 1 1 1
31 6 2 3 0
31 4 2 2 0
34 6 5 2 0
35 2 3 3 1
39 2 4 2 1
41 2 1 5 1
43 1 3 2 0
44 5 4 4 1
50 6 5 3 0
52 4 5 4 1
54 5 3 2 1
54 3 4 4 0
55 6 2 1 1
57 1 5 1 0
59 6 1 1 0
59 4 4 2 1
63 2 5 3 0
64 6 3 3 1
64 2 5 3 1
66 6 1 3 0
67 3 1 2 0
68 1 2 1 0
68 4 3 3 1
68 6 3 3 0
70 2 5 5 1
73 2 4 2 1
78 1 2 3 1
83 1 4 1 1
83 4 4 2 1
86 6 1 2 1
86 6 3 5 0
89 6 1 2 1
89 3 1 3 1
89 3 3 5 1
95 5 4 2 1
96 6 3 3 1
96 2 5 3 0
97 1 3 2 0
100 4 2 5 1
7 92
1 7 5 5 0
1 6 1 4 1
2 4 1 4 1
2 1 1 4 1
4 7 2 3 0
5 2 1 1 1
5 6 5 5 0
7 4 5 4 1
8 6 2 3 1
8 5 3 1 1
8 4 4 4 0
8 6 1 5 0
8 6 4 2 1
10 6 1 4 1
11 2 3 3 1
11 3 3 5 1
12 3 1 3 1
12 1 1 5 1
12 1 3 3 1
12 1 4 5 1
13 7 1 5 1
16 7 5 1 0
16 4 1 5 0
16 4 5 4 1
18 3 4 5 0
18 3 1 4 0
21 6 1 5 1
23 3 2 5 0
23 2 5 5 1
24 4 3 1 0
25 6 1 2 0
28 4 3 3 0
31 3 3 1 1
34 3 1 2 0
34 6 1 4 1
37 5 2 2 1
38 5 4 2 1
39 3 3 4 0
39 1 4 2 1
39 4 5 1 0
41 7 3 3 0
44 5 2 4 0
44 7 1 3 0
44 4 5 1 0
46 6 2 1 1
47 4 3 3 0
48 5 1 3 0
48 4 5 4 1
48 2 5 4 0
48 6 5 5 1
48 5 2 1 0
49 1 2 5 0
50 3 5 4 0
50 2 2 3 0
51 4 1 5 0
51 3 4 5 1
52 4 4 2 1
52 4 1 5 0
54 7 3 2 0
57 2 3 1 0
59 6 1 4 1
60 2 2 4 1
62 5 5 5 0
64 1 2 1 0
66 6 3 3 1
67 7 5 1 1
69 6 2 2 0
69 2 4 3 1
70 2 4 5 0
70 1 4 3 1
73 3 4 4 1
77 7 5 2 0
77 6 1 1 0
78 3 5 2 1
79 6 4 4 1
80 7 4 1 1
85 3 2 2 1
85 3 4 3 0
86 5 2 4 0
86 1 2 5 0
87 2 4 3 0
88 6 3 1 0
89 3 1 3 0
90 6 1 5 0
92 1 2 1 1
92 4 1 1 1
94 2 5 2 0
96 3 2 1 0
97 6 3 3 0
98 3 4 5 1
100 7 3 2 0
100 2 5 2 0
8 82
3 2 2 2 0
4 2 1 4 0
5 3 5 5 1
6 5 4 1 0
7 2 2 5 0
7 3 5 1 1
9 1 2 5 1
12 3 1 2 1
12 8 5 2 1
15 7 1 5 1
21 5 5 3 1
21 1 2 3 0
23 1 3 3 1
25 7 2 2 1
27 6 5 2 1
30 4 5 1 1
31 7 1 2 0
32 7 2 2 1
33 1 1 1 0
34 7 2 1 0
36 2 1 5 0
37 3 5 1 1
38 7 4 1 1
39 4 1 1 1
39 3 1 4 0
40 1 5 3 0
40 4 3 3 0
40 1 3 2 0
41 1 5 5 0
41 1 3 1 0
42 4 5 2 1
42 1 1 4 0
43 8 2 1 1
43 8 4 2 1
45 6 2 2 0
45 3 2 4 0
45 8 1 3 1
45 8 3 5 0
47 6 5 1 0
50 4 3 5 1
51 6 4 3 1
51 7 1 2 1
52 2 5 1 1
52 2 3 3 1
54 1 5 3 0
54 2 3 5 1
54 3 5 4 1
58 6 2 1 0
59 7 1 4 0
62 4 1 4 0
63 5 5 5 0
64 6 3 1 1
66 5 2 2 1
66 4 3 2 0
67 2 4 2 1
67 4 5 4 1
68 6 2 5 1
68 3 3 4 0
68 5 4 1 1
68 5 2 1 1
69 6 4 4 0
69 5 3 4 0
69 4 4 2 0
69 1 2 2 0
69 4 3 3 0
71 4 2 5 0
71 4 5 1 0
76 3 2 5 0
76 1 2 4 0
79 8 1 1 0
81 5 2 4 1
86 2 3 4 0
89 3 3 5 1
89 8 3 1 0
90 5 4 2 1
90 7 2 2 0
90 8 5 5 1
91 2 1 3 0
96 6 5 3 0
97 3 1 2 0
97 6 2 2 0
98 5 5 2 0
8 92
2 5 4 1 1
2 7 4 5 1
2 3 4 5 0
3 6 2 4 1
3 8 4 2 0
3 4 1 4 0
4 2 1 5 0
5 6 4 5 1
5 2 2 1 1
5 7 1 3 0
6 4 2 5 1
6 2 3 1 1
7 3 4 3 0
9 7 5 1 0
10 8 4 3 1
10 2 5 4 0
11 8 1 5 0
11 4 5 3 1
11 7 2 5 1
16 7 4 1 1
17 7 1 1 0
18 6 2 1 0
18 5 1 2 1
20 3 1 4 0
21 8 1 4 1
22 3 4 3 0
22 7 4 4 0
23 2 3 2 0
24 7 3 3 1
25 2 3 1 1
26 3 4 1 1
26 6 2 5 1
28 3 3 3 1
28 2 1 5 1
30 3 3 4 0
32 8 5 2 1
32 3 3 5 0
33 4 4 5 1
33 5 5 3 1
34 7 3 4 1
36 6 3 3 1
37 3 3 1 0
38 7 5 3 0
40 2 1 4 1
41 4 5 3 1
44 5 2 2 1
48 7 3 1 0
48 3 1 3 0
50 8 3 3 0
51 6 1 4 1
53 7 3 2 1
54 7 3 1 1
55 8 2 4 1
56 3 3 5 1
59 4 2 3 0
64 1 2 1 1
65 1 4 3 1
66 2 1 1 0
67 1 5 3 1
67 7 2 2 0
69 8 2 2 0
69 4 4 5 1
69 7 4 4 0
71 4 2 3 1
72 6 4 5 0
72 6 1 1 0
73 8 1 3 0
75 5 3 5 0
77 1 4 3 1
77 8 2 5 1
77 8 2 2 0
78 6 1 5 1
78 6 1 3 1
79 3 4 4 1
81 6 4 4 0
81 3 2 4 0
83 1 2 2 0
84 8 5 5 0
85 1 3 4 0
85 8 4 2 1
86 8 3 4 1
86 5 2 4 1
87 4 3 5 1
87 4 5 2 0
90 4 4 2 0
90 3 5 2 1
90 1 2 1 0
92 3 1 4 1
93 7 5 2 1
94 7 3 3 0
94 4 4 2 0
100 2 2 5 0