10
59 628
2 21 2 4 0
4 55 3 4 0
6 43 1 2 1
7 8 5 2 0
10 20 5 3 1
15 16 2 1 1
17 54 2 1 1
19 4 2 1 0
20 32 4 2 1
24 54 5 3 1
26 44 3 1 0
28 14 3 2 0
30 18 5 5 1
32 47 4 3 0
34 2 5 4 0
35 7 3 3 1
35 54 1 5 0
35 36 1 4 0
35 1 5 3 0
37 30 1 1 0
38 25 2 1 1
39 37 1 1 0
40 47 3 4 0
41 58 4 2 0
43 11 3 2 1
43 36 4 4 1
46 24 5 5 1
46 21 5 2 1
46 50 1 4 0
56 23 2 1 1
56 56 1 3 0
58 32 5 2 1
59 11 3 1 1
59 19 5 4 1
60 6 4 3 0
60 34 3 1 1
61 16 1 4 1
62 36 4 1 0
63 53 5 3 0
70 5 2 1 0
71 47 3 2 1
72 44 2 5 1
73 4 2 2 1
74 19 1 1 1
76 39 4 4 1
77 51 1 4 0
78 50 4 4 1
82 39 2 3 1
84 27 1 5 1
85 35 4 3 1
89 31 3 4 1
89 56 3 2 0
91 23 1 4 1
92 36 1 1 0
94 59 1 3 0
99 14 2 4 0
102 1 3 2 1
107 19 4 4 0
114 43 5 1 1
114 55 5 5 1
114 50 4 3 0
115 19 3 5 1
115 59 2 1 0
118 57 4 3 1
120 15 3 5 0
122 45 3 1 1
126 25 3 1 0
127 38 4 4 1
129 41 1 1 0
130 1 5 2 1
131 12 4 4 0
134 21 5 1 0
135 45 4 4 0
136 44 1 5 0
138 37 3 3 0
138 1 1 3 1
139 44 3 5 1
141 5 4 2 0
142 21 2 4 0
143 1 1 2 1
143 20 1 2 1
145 26 5 2 0
147 12 1 3 1
147 8 5 5 1
148 30 3 1 1
149 10 2 5 1
150 1 5 2 0
152 49 5 5 1
153 56 5 3 1
155 33 4 4 1
157 48 1 3 1
158 34 1 4 0
159 45 1 5 1
171 21 4 1 0
175 54 3 3 0
177 40 4 5 0
177 58 5 1 0
177 34 5 1 0
178 12 1 5 1
179 46 1 5 1
180 29 5 4 0
186 1 1 2 0
194 15 2 5 0
199 20 2 5 1
199 19 4 3 0
202 19 1 2 0
202 30 5 5 1
207 58 5 4 1
207 36 3 2 1
207 51 3 2 1
208 52 3 2 1
209 50 1 3 0
211 26 3 5 1
211 53 2 5 0
217 54 3 3 1
219 57 4 2 1
221 59 5 3 1
222 25 2 4 1
222 18 4 5 0
226 44 1 1 1
227 51 5 4 1
229 15 3 5 0
230 18 5 4 0
231 12 5 3 1
231 41 2 2 1
232 58 5 5 0
232 40 5 2 0
232 16 5 5 0
233 44 3 1 1
233 12 3 2 0
235 19 2 2 1
238 12 5 1 1
240 14 2 3 0
245 12 1 1 1
245 40 3 4 0
247 18 5 1 0
252 7 3 3 1
255 58 3 2 1
255 39 3 5 0
256 4 5 4 0
258 48 2 3 1
261 2 5 4 0
261 44 4 5 0
262 21 4 4 0
263 7 4 1 0
265 26 3 2 0
265 34 5 4 1
269 41 3 2 0
270 36 3 1 0
273 59 1 5 0
274 22 3 5 0
276 38 5 1 0
276 31 4 5 0
276 51 4 4 0
277 21 1 1 1
278 28 1 3 0
278 31 3 4 0
279 5 5 5 0
279 54 2 1 1
281 4 5 4 0
282 16 3 3 0
283 38 1 2 0
286 16 3 1 0
288 2 3 2 0
289 22 4 5 1
289 58 5 1 1
290 48 5 4 1
291 38 4 2 1
292 52 4 5 1
294 6 4 4 0
295 12 5 1 0
295 45 5 2 0
298 37 2 4 0
301 50 1 3 0
301 51 4 1 1
303 31 3 3 0
306 36 2 5 1
308 34 1 2 0
311 51 2 4 0
316 29 3 1 0
318 56 5 1 1
318 17 4 2 1
319 1 4 2 0
320 10 1 4 0
321 26 5 3 0
324 4 5 4 0
325 40 3 4 1
326 54 1 4 1
327 50 2 1 0
327 54 3 1 1
328 50 5 2 1
329 56 4 4 0
329 4 5 1 0
331 53 3 4 1
336 46 2 5 0
337 44 2 5 1
338 22 5 1 0
338 55 3 2 0
342 41 1 5 1
342 4 5 4 0
342 33 1 4 1
342 49 2 2 0
343 30 3 1 0
343 38 2 2 0
343 34 2 1 1
344 5 1 3 1
347 29 3 5 0
347 50 1 5 1
351 4 4 1 1
351 55 3 1 0
352 57 4 4 1
352 19 5 4 1
353 24 1 4 1
354 3 5 3 0
354 57 4 1 0
355 11 1 3 0
355 18 3 5 0
356 58 3 2 0
358 20 4 4 1
360 50 1 2 0
363 26 2 5 0
363 46 1 2 0
363 12 4 1 1
365 13 3 2 1
366 46 5 5 0
367 18 4 1 0
368 43 3 5 1
370 10 4 2 1
372 42 2 3 1
372 5 4 4 0
374 57 5 5 1
377 46 3 2 1
379 18 4 2 1
381 21 1 5 0
387 25 4 1 1
388 17 5 1 0
391 7 4 1 0
397 27 2 5 1
398 38 4 3 0
399 56 1 1 1
400 55 3 3 0
400 33 3 5 0
405 23 5 1 0
406 9 1 4 0
411 31 5 4 1
414 43 1 2 0
415 45 2 1 1
417 11 2 2 0
418 14 4 4 0
419 17 3 3 0
420 24 4 3 1
420 47 4 5 1
421 12 2 2 1
422 3 2 4 0
426 12 4 2 1
430 39 2 1 1
430 37 4 3 0
430 30 2 5 1
431 47 5 4 1
431 9 1 4 0
433 16 2 3 0
433 59 5 2 1
433 6 4 2 1
434 33 1 1 0
434 56 5 2 1
437 28 1 1 1
437 57 5 4 0
437 23 2 1 1
439 19 4 4 0
439 53 4 1 1
440 10 3 4 1
444 20 4 1 1
445 31 1 5 0
445 20 4 1 1
446 46 4 3 1
448 7 4 5 0
448 28 5 1 1
448 51 5 1 1
450 22 3 2 0
451 29 2 1 0
457 45 5 1 1
458 57 1 4 1
462 14 4 5 0
464 9 2 3 0
464 44 5 4 0
466 32 5 4 0
472 27 2 3 0
473 12 2 1 0
474 59 2 5 0
477 31 4 4 1
485 52 5 2 0
491 33 5 1 1
493 20 4 5 0
495 47 4 4 0
495 25 5 2 0
495 26 3 2 1
498 51 1 3 0
499 59 5 5 1
500 43 1 2 0
503 3 2 4 1
505 13 2 5 1
505 55 1 4 1
510 21 3 1 0
511 1 1 5 0
512 5 3 3 1
513 9 3 3 0
516 42 4 5 1
517 11 4 3 0
518 37 4 5 0
520 2 5 1 0
521 47 5 3 0
521 44 4 1 1
521 34 2 3 0
522 8 4 2 1
528 56 5 5 0
530 3 1 2 0
531 2 3 2 0
532 15 3 3 0
534 20 2 3 1
536 28 5 4 0
539 38 4 4 1
539 46 3 5 0
542 30 5 4 0
542 23 1 1 0
543 39 4 4 0
543 43 3 3 0
544 37 4 1 1
546 48 5 4 1
547 23 3 4 0
548 52 2 3 0
554 19 1 4 0
555 3 4 2 1
557 23 5 1 0
558 18 2 3 0
558 29 4 2 1
561 58 2 4 1
563 25 3 1 0
563 28 2 5 1
565 49 5 4 0
566 9 1 2 0
567 45 3 1 1
567 25 4 3 1
569 30 5 2 1
569 25 5 5 0
570 27 5 1 1
571 33 4 3 0
571 37 3 1 0
571 30 4 1 0
572 59 3 5 0
576 4 3 2 0
576 38 2 5 0
578 37 4 2 1
579 4 2 2 1
582 5 5 5 1
583 18 1 4 0
584 12 4 3 1
585 15 1 1 0
589 5 4 4 0
590 7 2 4 1
591 41 3 1 0
592 1 5 3 1
593 21 1 1 0
594 31 1 1 0
595 10 3 5 0
599 46 2 5 1
599 52 4 1 0
599 14 2 1 1
600 55 1 2 0
601 9 2 1 0
601 30 2 3 0
605 57 4 1 0
605 11 1 2 1
608 47 5 1 1
608 38 1 3 0
609 4 5 1 1
610 57 2 4 1
610 45 3 3 1
612 15 2 2 1
613 11 3 5 0
617 54 2 5 0
622 43 5 5 0
625 37 2 1 0
625 15 4 5 0
625 26 2 2 0
627 9 3 2 0
629 32 5 4 0
629 52 4 3 1
630 42 2 4 1
630 41 2 4 0
631 15 1 5 0
632 32 5 1 1
632 53 4 3 1
633 20 5 3 1
633 27 1 5 1
639 52 4 1 1
639 59 4 5 0
641 40 5 4 0
642 47 5 5 1
644 5 2 5 1
646 17 3 4 1
649 57 5 3 0
650 45 3 1 0
651 18 1 5 1
656 28 1 5 1
659 24 3 1 0
661 35 3 3 0
661 31 1 3 0
662 21 1 3 1
662 9 5 3 0
665 14 2 4 0
666 14 5 1 1
668 45 4 5 1
668 17 2 4 0
670 23 3 4 1
670 10 2 3 1
671 26 3 1 0
671 51 2 5 1
674 46 1 4 1
675 14 3 1 0
679 48 5 5 0
680 54 3 5 0
684 36 5 5 0
686 38 1 1 0
687 2 1 5 0
688 26 5 5 1
694 5 2 4 1
695 2 4 2 1
697 57 4 5 0
700 16 4 2 1
700 47 2 2 1
700 28 2 3 0
700 34 4 5 0
700 15 1 5 0
703 11 5 5 0
704 2 5 3 0
704 36 5 1 1
705 52 4 5 1
706 8 5 5 1
707 49 4 3 1
709 22 5 3 1
709 54 2 1 0
709 18 5 4 1
712 44 2 1 1
712 48 2 4 1
712 19 1 4 1
713 42 3 3 1
714 8 4 5 1
716 36 5 2 1
723 54 5 3 1
723 57 4 2 0
724 37 2 3 1
725 38 3 1 1
728 32 5 3 0
728 45 3 5 1
729 4 3 1 0
729 23 3 5 0
729 17 1 5 0
731 59 2 2 0
731 15 5 4 0
732 53 5 2 0
736 36 1 2 0
740 14 5 2 1
741 16 5 1 1
747 31 2 3 1
748 18 1 1 1
748 49 1 2 1
752 36 4 5 0
753 48 2 3 0
754 17 5 1 0
755 31 1 2 1
758 17 4 4 1
759 12 2 3 0
760 9 3 5 1
760 35 5 2 0
760 34 4 4 0
761 58 2 4 1
761 46 5 2 1
767 15 5 4 0
769 54 1 4 0
769 34 2 5 1
770 42 3 3 1
771 44 5 4 0
771 56 4 4 0
772 1 1 2 1
773 56 5 1 0
777 56 2 2 0
777 6 3 4 1
778 31 2 1 0
778 39 5 3 1
780 45 5 5 0
781 33 1 2 1
782 3 2 3 1
784 23 2 1 0
784 38 1 4 0
785 39 2 5 1
785 21 3 1 0
786 24 1 2 0
787 16 3 4 0
789 35 5 5 1
790 10 1 5 1
791 50 1 2 1
792 7 1 3 0
792 42 4 3 0
795 16 5 3 0
798 30 5 3 0
798 11 4 2 1
801 52 3 5 1
801 57 4 3 0
801 2 3 2 0
802 47 4 1 0
804 16 5 3 0
805 32 3 5 0
805 53 4 3 0
808 5 4 4 1
808 59 2 1 0
809 16 5 1 0
812 17 1 1 0
815 32 5 1 1
821 38 3 5 0
822 44 1 3 0
823 32 4 1 0
823 10 3 5 1
823 56 2 5 1
827 47 1 1 1
827 33 3 3 1
833 20 2 3 1
834 19 2 5 1
834 36 4 2 1
835 39 3 1 1
835 31 2 3 1
837 51 2 5 0
841 32 2 2 0
842 33 3 3 0
843 10 4 3 1
844 43 3 2 0
846 31 3 2 0
846 55 3 4 1
847 50 2 1 0
849 30 5 5 1
851 28 5 5 1
852 11 4 5 0
852 35 3 4 0
854 52 1 4 1
855 43 2 2 1
855 24 2 2 0
857 14 4 3 1
859 40 1 4 1
860 18 3 3 0
862 26 2 3 1
867 13 4 2 0
871 2 2 3 0
871 59 5 3 0
872 9 2 5 1
872 7 3 5 0
875 44 2 3 1
875 37 3 5 1
875 10 5 5 0
876 31 1 4 0
877 20 1 1 1
877 18 5 1 0
879 23 1 4 1
881 16 3 5 1
881 8 3 4 0
882 24 3 3 1
883 20 4 3 0
883 56 5 4 1
884 52 3 2 0
891 38 5 4 0
892 13 4 1 0
894 32 1 3 1
896 35 4 4 0
896 13 3 3 0
898 39 5 1 0
899 16 1 2 0
899 2 2 5 0
899 20 1 2 1
900 40 4 5 0
901 6 2 5 1
903 11 3 5 1
903 29 3 4 1
906 57 2 3 1
911 51 4 2 0
912 38 1 5 0
914 50 4 2 1
917 30 3 4 0
918 59 5 5 0
921 17 4 4 1
921 8 5 1 0
922 16 2 5 0
922 32 5 3 1
926 50 3 5 1
928 6 1 4 0
929 50 1 1 1
930 21 2 2 1
931 58 2 3 1
933 46 5 4 0
936 17 2 3 0
939 54 4 3 0
940 17 3 3 0
940 19 2 1 0
941 12 4 3 1
945 36 4 3 1
946 10 5 2 0
950 50 1 4 0
951 47 2 4 1
952 23 4 2 0
954 6 2 3 1
954 12 1 4 0
955 32 3 2 0
959 40 5 5 0
960 22 5 4 1
964 49 2 4 0
965 18 2 5 0
965 48 4 5 0
969 25 1 3 0
970 42 1 5 1
971 34 3 3 0
975 6 2 3 1
978 37 2 2 1
987 49 5 4 0
990 47 2 5 0
991 39 5 4 0
991 22 2 2 0
994 14 5 3 1
997 1 3 2 1
997 26 1 5 0
998 58 4 3 0
998 4 2 2 0
61 829
2 53 4 5 1
9 55 3 2 0
10 31 5 1 1
12 55 3 3 0
15 3 1 3 0
18 16 5 2 1
19 6 2 3 0
23 52 2 4 1
25 20 4 2 0
26 61 2 3 1
26 47 4 4 1
27 24 4 5 1
28 56 1 2 1
28 45 5 5 0
29 4 4 4 0
30 34 3 3 0
32 30 5 5 1
32 49 4 3 0
34 12 2 3 0
34 23 5 2 0
36 38 5 2 1
36 34 1 3 0
37 26 5 1 0
39 16 5 2 1
40 8 4 5 0
40 7 5 1 1
41 28 3 4 1
43 18 1 3 0
44 46 2 3 0
44 38 2 5 0
44 51 5 1 1
45 25 2 4 1
46 2 3 5 1
46 50 1 1 1
47 34 3 4 0
48 58 3 5 0
52 56 3 3 0
52 20 4 1 0
53 20 1 4 0
55 51 5 1 1
57 12 1 4 0
63 8 4 4 0
64 31 4 1 1
64 37 1 1 1
65 3 2 2 0
66 42 4 5 0
67 26 1 1 1
68 23 4 3 1
70 6 3 3 0
71 57 5 2 0
71 60 5 4 1
73 4 5 5 0
73 53 4 2 0
73 40 1 4 0
74 28 3 1 0
76 25 4 3 1
77 40 1 2 0
77 19 1 3 0
79 5 2 3 1
79 34 4 3 0
80 18 1 2 1
81 37 1 3 0
81 34 1 3 0
82 21 3 4 1
82 44 1 1 1
84 59 3 3 1
85 44 3 1 0
86 54 2 5 0
89 52 4 2 0
90 17 5 4 1
91 51 4 3 0
92 42 2 4 0
93 47 2 5 1
95 11 5 2 1
96 58 1 2 1
98 60 4 1 1
98 5 5 2 0
98 31 4 4 0
99 37 3 2 0
104 34 2 2 0
106 4 2 3 1
107 10 3 3 0
107 18 3 2 1
111 38 4 5 0
111 24 4 4 0
112 41 1 3 0
113 24 1 1 0
115 27 1 4 0
118 53 4 1 1
118 15 5 4 1
119 61 5 1 1
120 56 1 1 1
120 52 5 2 0
121 13 4 5 0
123 28 5 1 1
123 55 3 2 0
123 45 4 5 1
124 45 5 1 1
124 45 3 1 0
125 41 2 2 1
125 18 5 3 0
128 25 3 4 0
129 19 2 4 1
129 54 1 1 0
129 53 1 5 1
130 13 4 3 1
131 39 3 3 0
131 54 3 5 1
132 54 2 5 1
132 57 4 1 1
132 29 2 3 0
133 48 5 1 0
135 39 1 4 1
136 58 3 2 1
136 44 3 1 0
137 45 1 2 1
137 55 5 5 1
138 28 4 4 1
138 37 4 3 1
138 43 5 3 1
139 41 4 3 0
139 11 2 5 0
139 57 5 5 0
140 44 5 4 1
141 40 3 2 0
143 45 2 5 1
143 36 3 3 0
145 39 5 1 1
146 38 1 3 1
147 24 5 5 0
147 44 3 2 1
148 31 1 2 0
148 23 4 1 0
149 14 4 5 0
149 58 2 5 0
151 40 3 3 1
151 58 2 1 1
151 59 2 3 0
152 51 4 4 0
153 53 3 3 1
156 55 4 2 0
156 34 4 2 0
159 24 5 3 0
161 22 2 3 0
161 18 2 2 0
162 10 3 4 0
164 30 2 4 0
166 32 3 3 0
168 28 1 5 1
171 36 4 3 1
172 49 4 4 1
172 49 3 5 0
173 18 2 2 1
175 41 2 4 1
177 30 4 1 1
178 51 1 3 0
178 47 3 1 1
179 15 2 5 0
181 48 1 2 1
182 37 2 3 0
184 49 2 3 1
185 42 4 2 1
186 9 4 4 0
186 11 4 4 0
186 46 1 3 1
190 40 2 1 0
190 1 4 3 1
191 56 1 2 1
192 25 2 5 0
195 39 4 4 1
198 22 5 4 0
200 28 4 4 0
200 21 4 5 0
202 31 1 1 1
203 59 1 5 1
204 44 4 1 0
205 23 1 1 1
206 41 4 1 0
207 12 3 1 0
207 49 1 2 0
211 46 5 1 1
212 39 5 3 1
212 44 1 1 0
213 36 3 3 0
214 9 2 4 1
214 10 4 3 0
218 46 1 5 0
219 47 4 2 1
220 25 1 4 1
223 47 5 4 0
224 55 3 5 1
226 2 1 1 0
227 47 4 5 0
228 39 2 2 1
229 35 4 4 0
230 46 2 3 0
230 59 1 1 0
232 29 3 5 1
232 27 2 4 0
232 30 2 5 1
235 12 4 4 1
235 46 5 5 0
235 12 3 3 0
235 48 3 2 1
238 22 1 4 0
239 42 1 2 1
240 33 3 1 1
240 50 2 2 0
241 7 4 5 0
243 60 3 1 0
243 10 4 3 1
244 32 5 4 0
247 31 3 1 0
248 14 1 1 0
249 3 2 3 0
252 13 2 4 1
252 1 1 3 1
256 47 1 4 0
258 32 5 1 0
258 50 3 1 0
258 3 3 3 1
260 33 3 4 0
261 39 2 2 0
261 55 1 4 1
262 9 1 3 1
264 2 2 3 1
267 52 2 4 1
267 5 5 5 0
268 8 4 2 0
271 45 1 2 0
272 10 1 2 1
274 32 3 1 1
274 35 2 3 1
281 31 5 1 1
282 12 1 5 0
282 55 5 2 0
284 27 3 2 1
286 41 3 3 1
286 18 2 5 1
287 58 4 5 0
289 29 5 4 0
290 9 1 4 1
290 47 3 5 0
291 60 3 3 0
292 8 3 3 1
292 31 2 4 0
297 43 4 1 0
297 60 5 4 0
298 24 1 1 1
299 16 1 4 1
300 15 3 1 0
300 39 4 4 1
300 18 2 3 1
300 30 2 1 1
301 38 1 4 1
302 56 2 5 0
303 15 2 1 0
303 1 3 3 1
303 12 4 1 1
303 60 3 5 0
304 34 1 2 0
307 33 4 5 0
308 3 1 3 0
309 25 2 4 1
310 50 4 2 1
311 12 1 4 0
311 19 4 4 0
314 1 3 1 0
314 22 2 4 1
314 55 1 5 0
319 6 1 3 0
320 21 2 3 1
322 38 1 1 0
322 3 3 3 0
324 54 5 1 0
325 11 4 3 1
325 9 5 1 1
326 49 5 3 1
327 19 2 2 1
327 20 3 4 0
329 4 5 2 0
329 29 4 4 0
329 39 2 5 1
330 23 5 3 1
330 59 2 4 1
333 18 1 4 1
335 24 5 3 1
338 6 3 2 0
338 2 3 5 1
340 37 4 2 1
341 29 2 3 0
341 30 4 2 0
342 56 4 3 0
343 48 3 4 1
343 10 1 2 0
343 32 2 3 1
344 31 5 3 1
345 40 1 1 0
345 29 3 5 1
345 29 3 2 0
345 31 4 5 1
345 42 3 4 1
346 55 5 2 1
347 59 1 1 0
348 20 3 1 1
348 47 2 5 0
349 37 4 2 1
349 37 2 3 0
352 19 1 1 1
353 54 4 1 0
353 26 3 2 1
353 10 4 4 1
354 53 4 1 1
354 57 4 3 1
354 9 2 5 0
355 53 5 2 0
356 16 1 4 1
356 34 5 3 0
358 47 2 3 1
360 25 4 1 1
360 10 2 5 1
361 25 1 2 0
362 29 1 3 1
363 55 2 4 0
363 12 4 2 0
363 28 1 2 1
365 18 1 4 1
367 34 3 4 0
368 60 4 4 0
368 47 5 1 0
368 16 4 2 0
376 21 3 1 1
377 5 5 4 0
377 12 1 3 0
378 51 4 1 1
379 38 2 5 0
379 37 1 1 1
381 61 1 5 0
381 26 4 5 0
382 7 4 4 1
383 31 5 5 0
386 26 3 4 1
387 33 5 4 0
389 29 3 5 1
389 17 4 1 1
391 10 3 2 1
392 33 4 2 0
394 2 4 2 1
396 60 4 5 0
397 12 4 2 0
398 53 4 2 0
398 10 3 1 1
398 23 1 4 0
400 51 2 2 1
401 21 3 4 1
404 44 2 5 1
408 59 3 1 1
410 26 4 3 0
410 18 3 1 0
411 14 2 2 0
412 31 4 2 0
413 56 5 3 1
413 4 4 5 0
414 6 2 3 1
415 24 4 4 0
417 40 3 3 1
417 2 5 1 1
417 45 3 2 1
418 48 1 4 1
418 14 5 2 0
420 61 2 1 0
421 9 2 1 1
421 51 3 5 1
421 59 5 3 1
422 37 4 4 1
424 61 1 3 0
425 39 3 5 0
425 21 2 4 0
426 34 5 5 0
429 49 1 4 1
429 13 4 1 0
429 26 4 4 1
429 34 2 2 0
429 11 2 1 0
430 40 3 1 1
431 45 5 1 0
431 47 2 4 1
433 31 3 3 0
436 32 2 1 0
436 20 4 3 1
439 58 4 5 1
439 36 1 3 1
441 29 4 5 1
444 56 2 2 1
445 15 1 2 1
446 38 1 4 0
447 32 3 3 1
448 61 1 5 1
449 29 5 1 1
451 33 5 1 0
453 29 3 1 1
453 59 5 2 1
454 11 3 5 0
455 53 2 3 0
456 13 1 5 0
456 61 1 3 1
458 2 1 4 0
458 21 2 4 0
459 48 5 3 0
460 23 1 4 1
463 26 5 4 1
463 45 2 3 1
468 34 1 1 0
468 4 2 5 0
472 37 2 2 1
473 36 1 5 0
475 15 5 3 0
475 31 5 2 0
476 47 4 3 0
477 9 1 1 0
478 12 4 5 0
483 11 2 1 1
484 4 4 4 1
486 1 4 1 1
487 3 3 2 1
489 19 5 2 1
490 17 2 4 1
490 20 5 2 0
491 53 3 5 1
491 1 2 4 1
493 18 2 3 0
500 10 1 1 1
500 14 5 5 0
505 16 5 3 1
507 49 1 4 0
507 19 4 2 0
508 10 3 5 0
508 59 3 3 0
511 13 2 2 0
511 26 3 2 0
512 14 4 4 0
513 9 4 5 0
513 48 5 1 0
515 4 2 1 1
519 23 5 1 0
519 52 4 2 0
519 26 4 3 1
520 58 4 2 0
523 33 1 1 1
525 23 4 2 0
525 45 2 3 1
526 28 1 2 0
526 1 5 2 1
526 56 1 4 1
528 47 4 5 0
529 1 4 4 1
531 50 4 4 0
533 37 5 5 1
534 45 1 3 1
536 23 2 3 0
537 5 4 3 1
539 29 5 1 1
539 2 5 4 1
540 36 5 4 0
540 7 4 1 0
541 48 2 3 0
541 57 5 5 0
541 36 3 2 0
541 28 3 4 0
543 39 3 1 0
544 59 4 2 1
546 16 5 1 1
548 4 4 2 0
549 52 5 4 0
549 29 1 3 0
549 34 3 3 1
550 19 1 4 1
550 3 2 1 0
550 14 1 3 0
558 37 5 1 1
560 46 3 4 0
562 52 4 4 1
564 16 5 4 0
564 46 5 1 1
571 33 3 5 1
572 39 1 1 1
573 60 3 5 0
577 9 5 1 1
580 58 3 3 1
582 40 5 4 1
584 1 3 5 1
587 11 5 5 0
588 53 1 4 1
589 5 2 4 1
591 42 5 3 0
591 60 3 1 1
592 14 4 3 1
592 21 1 1 1
593 60 5 4 1
593 40 3 1 0
594 29 3 4 0
594 6 5 4 1
596 61 5 4 1
596 60 1 4 1
598 42 3 4 1
599 12 2 3 0
599 4 2 4 1
600 38 5 4 1
602 10 4 1 0
606 6 1 5 1
607 60 4 2 1
608 31 2 4 1
609 22 1 3 1
609 24 5 1 0
609 43 4 2 1
609 15 5 2 1
609 26 5 4 1
610 7 2 3 0
610 37 5 4 1
612 7 2 4 0
612 4 2 3 1
612 3 4 3 0
612 4 2 1 0
614 16 3 3 1
614 2 4 3 0
617 42 2 3 0
617 30 3 2 0
618 39 5 5 1
618 39 3 3 0
619 34 5 3 0
622 32 2 2 1
624 30 3 2 0
625 17 3 3 0
626 18 1 2 1
629 4 1 4 1
630 40 3 2 1
631 52 1 3 0
636 31 5 1 0
636 7 5 1 1
636 22 3 3 1
639 22 3 4 0
640 39 5 2 1
642 44 1 5 0
642 7 1 3 0
642 46 2 3 0
644 55 2 4 1
644 10 3 4 0
646 23 2 5 0
647 10 5 5 1
647 28 2 3 0
649 48 5 4 0
649 28 2 2 0
651 37 1 4 1
652 50 2 4 1
653 1 5 4 1
656 34 5 5 0
657 34 4 5 1
659 44 5 3 0
661 61 1 5 0
665 1 4 5 0
665 20 5 2 0
667 14 4 2 1
669 15 3 2 1
669 55 1 3 0
669 4 1 5 0
670 53 3 3 0
670 30 5 4 0
671 11 1 3 0
671 49 2 2 0
672 43 3 1 0
672 13 1 3 1
672 10 4 1 0
673 20 3 3 1
673 43 1 3 1
673 23 2 4 1
677 45 5 3 1
679 39 2 2 0
680 58 5 3 1
681 46 4 5 0
681 23 1 3 0
681 40 1 4 1
683 17 1 5 1
685 60 3 3 0
686 55 1 4 1
687 9 3 2 0
689 53 3 2 1
692 15 3 3 1
692 24 4 5 1
692 36 3 4 1
700 49 3 1 1
700 34 3 4 1
701 32 3 2 0
702 43 5 4 1
702 51 1 3 1
704 42 2 5 1
706 20 3 1 0
707 48 1 4 0
709 51 2 3 0
710 34 1 1 1
713 27 5 3 1
714 36 1 1 0
715 44 5 3 0
717 4 1 5 1
717 61 1 5 1
718 56 3 3 0
719 46 3 1 1
719 53 1 3 0
719 20 2 2 1
722 61 2 4 0
722 45 1 1 1
722 15 2 3 1
726 39 2 4 0
726 13 5 4 0
727 6 5 1 1
727 2 2 1 0
727 56 3 5 0
729 53 2 1 0
731 36 2 5 0
734 40 5 4 0
734 14 4 2 0
735 31 4 3 1
735 55 3 2 0
735 12 3 2 0
745 56 4 2 0
745 24 2 1 1
746 16 3 1 1
746 61 3 2 0
747 6 2 2 0
751 28 1 2 0
751 32 2 3 0
754 35 5 2 0
755 29 2 3 1
758 21 4 3 1
758 7 4 2 1
758 56 4 1 1
758 13 4 2 0
759 16 1 1 0
759 16 5 1 0
760 25 4 2 0
760 29 1 5 1
760 42 2 1 0
760 22 1 1 1
762 50 4 1 1
762 20 4 4 1
765 31 1 2 0
765 7 1 4 0
772 34 1 2 1
774 38 3 5 1
774 25 1 2 0
778 12 2 2 1
780 3 5 1 1
781 7 2 5 1
782 36 4 4 1
782 57 5 3 1
785 44 4 1 1
785 22 4 3 1
787 3 3 5 0
791 55 1 5 0
792 39 4 1 0
792 25 2 5 1
793 10 5 2 0
793 21 5 1 1
793 25 4 1 1
794 49 5 3 1
794 38 5 2 0
796 18 5 1 0
797 11 3 3 0
798 53 4 3 1
801 9 2 4 1
801 10 4 4 1
802 32 2 3 1
802 28 1 3 0
803 49 3 1 1
805 13 4 4 1
806 15 2 2 0
806 56 4 5 1
806 55 2 2 1
806 9 1 3 0
806 25 3 4 0
812 22 2 1 0
814 6 3 1 1
814 34 5 4 1
817 36 5 2 1
818 39 2 4 1
818 21 5 2 0
818 58 1 1 1
819 13 5 2 1
819 6 4 4 1
821 45 4 1 1
823 16 4 1 0
824 35 5 2 1
825 33 5 5 1
826 16 4 5 1
826 40 1 4 1
829 1 1 1 1
829 53 4 2 0
830 15 5 4 1
830 36 1 4 0
831 36 5 2 1
831 45 5 4 0
833 12 5 2 1
835 47 1 4 1
838 33 5 2 0
839 47 3 2 0
839 23 5 3 0
844 20 2 1 0
846 6 4 5 0
846 44 1 4 0
846 17 1 2 1
848 61 4 4 1
848 32 1 4 0
849 1 3 3 0
849 3 3 3 0
851 23 3 5 1
853 49 5 2 0
859 45 2 4 0
860 19 3 1 1
861 14 5 3 0
861 40 4 1 1
861 25 5 3 1
863 10 4 3 0
864 41 5 4 0
865 56 2 2 0
866 2 1 4 1
866 40 3 2 0
866 31 3 1 1
868 31 1 1 0
868 36 4 4 1
868 51 3 2 0
872 30 4 4 1
872 15 1 3 0
872 34 1 5 0
873 40 1 4 1
875 40 5 1 1
876 40 4 4 1
879 38 4 5 1
880 42 2 3 1
881 46 3 1 0
881 30 2 5 0
882 58 2 5 1
883 4 2 5 0
884 33 1 3 0
887 35 4 2 0
887 38 4 5 0
887 52 5 1 0
887 26 4 1 0
890 7 4 5 0
891 46 4 3 0
895 20 1 1 1
896 1 1 1 1
897 47 5 3 0
898 14 2 4 1
902 30 3 5 0
903 22 5 4 1
904 39 2 2 1
904 18 2 3 1
905 6 4 2 1
907 57 3 5 0
907 28 4 4 0
910 61 5 5 0
917 2 3 4 1
918 45 2 1 0
919 17 5 4 0
923 11 1 5 0
923 30 2 1 1
924 59 2 2 1
924 30 2 5 0
926 16 4 1 0
927 38 4 2 0
927 48 4 5 1
928 56 5 1 1
929 19 2 1 1
930 53 4 4 0
931 10 4 1 1
931 6 3 3 1
933 37 5 1 1
933 16 2 1 1
934 32 5 4 1
934 42 1 4 1
935 9 4 3 0
935 30 2 5 1
936 60 3 5 0
937 17 4 3 0
937 36 1 3 1
938 42 2 3 0
938 11 2 5 1
938 21 3 5 1
939 38 4 5 1
939 18 1 1 0
945 31 1 4 0
945 47 3 3 0
946 42 1 3 0
947 30 1 2 0
947 42 4 1 0
949 37 1 4 1
950 22 4 1 0
952 41 1 5 0
952 43 3 3 0
954 58 2 4 0
954 11 3 1 0
960 43 3 4 1
960 28 1 1 0
964 52 5 3 0
967 2 2 3 0
968 47 2 4 0
968 15 2 3 1
969 35 3 1 0
969 48 5 2 1
971 15 4 2 1
971 5 4 3 0
973 13 1 1 1
973 42 3 3 1
975 30 2 5 1
978 6 5 2 1
978 1 4 3 1
981 51 2 1 1
981 26 5 2 1
985 26 5 1 0
985 57 4 1 0
986 59 2 3 1
986 52 2 4 0
987 11 5 2 1
988 11 5 4 0
988 46 3 1 0
989 57 5 3 1
991 28 1 2 1
992 18 5 4 0
1000 53 5 3 1
1000 14 5 1 1
87 784
1 66 4 5 0
2 64 3 3 0
3 22 5 1 0
4 7 1 1 1
5 48 1 5 1
8 67 1 1 1
8 54 3 3 1
11 54 1 5 1
12 39 2 5 1
12 71 3 2 0
19 31 3 1 0
20 63 4 4 0
20 39 1 2 0
22 74 5 3 0
23 51 4 2 0
23 70 2 4 0
27 55 5 4 0
27 83 4 3 0
27 75 3 1 1
27 34 2 1 1
29 16 5 4 1
31 10 4 3 0
32 50 2 2 0
32 83 1 2 1
33 53 2 1 0
33 56 2 4 1
34 25 2 2 0
37 54 1 3 0
38 75 1 4 0
40 23 3 3 0
42 32 4 1 0
44 63 2 4 0
46 21 3 3 1
47 66 3 5 0
50 70 2 5 0
51 13 5 2 1
53 12 5 2 0
55 25 4 3 1
55 5 1 3 0
57 77 1 4 1
57 85 2 3 1
61 33 5 2 1
62 33 5 4 0
62 67 5 4 1
65 24 2 1 0
65 53 4 3 0
67 41 5 4 0
68 10 4 1 0
68 51 5 4 0
69 13 5 3 1
70 87 4 3 1
71 55 2 4 0
74 50 2 3 0
79 61 3 5 1
79 20 5 4 1
80 42 2 2 0
81 71 5 3 1
81 18 5 4 1
81 5 4 5 0
83 27 5 1 1
83 21 4 5 1
84 75 5 3 1
88 24 2 5 1
88 84 5 3 1
89 35 1 5 1
89 72 3 5 0
90 35 1 5 0
90 34 5 1 0
94 29 3 3 0
94 22 2 1 1
95 79 1 4 0
96 69 1 1 1
96 68 3 1 1
96 1 4 5 0
97 41 5 2 1
97 73 2 2 1
97 28 5 2 1
98 84 4 1 1
98 42 4 5 1
101 39 3 1 1
102 44 4 4 1
106 17 2 3 0
106 7 4 5 1
106 69 1 4 0
106 7 3 1 0
106 83 5 1 0
108 85 4 5 1
108 16 2 2 0
108 86 2 4 1
109 24 4 5 0
109 86 2 4 0
109 10 3 5 0
112 82 5 2 0
114 41 4 3 0
114 30 5 3 1
118 23 4 1 0
118 49 3 4 0
124 17 2 4 0
128 5 5 2 1
128 78 5 4 1
129 37 3 5 0
131 56 3 3 1
133 77 1 1 0
135 16 2 3 1
136 16 1 2 1
136 10 4 2 0
136 11 2 5 1
137 38 4 2 0
137 6 3 5 0
139 85 1 1 0
143 47 4 5 0
145 35 1 5 0
145 61 4 4 0
147 77 4 1 0
148 50 4 4 1
149 3 3 1 0
150 49 3 2 0
151 71 4 4 0
152 36 1 4 1
152 33 1 3 1
153 68 3 4 1
154 56 1 4 1
156 16 1 2 1
156 15 2 3 1
157 17 3 5 0
157 57 4 3 0
159 3 1 1 0
161 81 5 5 0
163 34 4 1 1
164 20 4 1 1
165 77 2 2 0
165 57 3 4 0
165 80 4 4 1
166 86 2 3 0
166 49 3 4 0
168 61 2 2 1
168 66 5 5 0
168 42 2 4 1
169 83 3 2 1
169 69 2 2 0
169 53 4 2 1
170 73 2 3 0
173 21 1 3 1
173 35 2 4 0
174 82 2 4 0
175 7 4 3 0
175 26 5 5 1
176 82 5 2 1
180 25 1 2 1
184 73 2 3 0
184 81 1 5 1
186 39 4 1 1
186 50 3 3 1
187 54 3 4 1
188 27 5 1 0
189 65 4 5 0
189 80 1 3 0
190 72 4 4 0
190 55 2 2 1
192 7 5 4 1
196 76 1 5 1
199 73 3 5 1
204 10 2 1 1
204 6 3 4 0
205 15 1 1 1
209 69 4 3 0
209 15 2 2 1
210 13 5 1 1
213 31 1 2 0
214 78 5 1 1
215 78 4 2 1
216 7 1 4 0
217 11 5 2 1
220 81 1 4 1
221 10 3 5 0
221 16 5 1 1
221 59 2 4 1
222 65 2 3 1
222 71 5 1 0
224 37 3 3 0
224 23 4 4 1
225 4 5 2 0
227 35 5 3 1
227 8 1 5 1
229 78 5 4 1
234 77 2 4 1
236 31 3 5 0
239 84 4 2 1
241 84 3 4 0
243 59 5 2 0
244 11 3 3 0
245 58 3 2 0
248 37 3 4 1
249 87 5 1 1
250 87 4 5 1
251 3 1 2 1
251 27 4 3 1
252 44 1 5 1
254 1 1 3 1
254 45 1 4 0
254 12 1 1 0
256 85 4 2 0
257 11 3 5 1
258 6 3 1 1
260 60 5 1 0
262 65 4 2 1
263 10 3 4 1
264 83 2 2 1
265 45 4 4 1
265 42 3 2 1
267 67 4 3 1
268 42 5 2 0
268 35 1 1 1
268 39 5 3 0
269 36 1 4 0
271 51 4 1 0
272 19 4 2 0
272 18 3 4 1
273 80 1 4 1
273 39 2 3 1
275 45 1 5 0
275 15 5 1 0
277 31 2 5 1
279 68 4 5 0
280 54 5 5 0
281 53 1 5 1
281 20 1 4 0
282 50 3 1 0
288 34 5 5 0
289 42 3 5 0
289 24 4 4 0
292 70 1 4 1
294 39 3 1 1
296 59 1 3 1
296 8 3 5 1
301 59 2 2 0
301 72 5 2 1
301 37 4 3 0
301 17 3 2 0
302 41 3 4 1
303 38 3 5 0
304 80 3 4 0
304 23 5 1 1
305 63 4 5 1
306 42 5 4 1
307 4 2 3 0
308 43 3 1 0
309 59 1 1 0
309 14 1 4 0
312 87 4 2 1
313 52 1 5 0
315 68 5 1 0
316 74 2 2 0
318 23 1 1 0
320 29 5 3 0
321 77 3 2 0
322 14 1 2 1
322 62 5 3 1
324 29 5 3 1
324 54 3 3 1
325 34 5 5 1
326 18 4 1 0
328 73 3 2 0
328 37 3 1 1
330 33 3 2 0
332 33 5 4 0
337 60 1 2 1
338 67 2 5 0
338 28 1 2 1
341 84 1 5 1
341 26 4 2 1
344 15 2 2 0
344 16 1 3 0
347 58 2 5 0
347 41 1 3 1
349 59 5 2 1
352 19 4 4 1
355 31 3 2 0
360 20 1 2 1
361 46 2 1 1
366 1 1 1 0
367 87 3 2 1
369 68 5 3 1
371 82 4 2 1
372 18 4 2 1
372 80 3 3 0
374 86 1 2 0
375 68 3 4 1
376 3 5 3 0
376 82 5 4 1
376 27 3 2 1
379 43 5 2 1
380 74 4 5 1
381 29 5 5 1
383 16 2 5 0
385 66 2 5 1
388 75 2 4 1
389 79 4 4 1
390 49 2 1 1
393 42 4 4 0
393 13 3 2 1
399 85 5 4 0
399 32 2 3 1
399 37 1 4 1
400 40 5 4 1
400 86 1 1 1
400 66 3 2 1
404 42 2 3 1
414 83 5 3 0
415 40 5 5 0
417 23 5 2 0
418 23 5 1 1
418 52 3 3 0
419 66 3 5 1
419 51 3 1 1
421 34 4 2 0
424 68 3 2 1
425 68 2 1 0
425 1 4 5 0
427 3 1 1 1
428 3 2 2 1
430 25 1 1 0
432 78 1 2 0
433 31 3 1 1
433 69 3 1 1
434 67 3 1 1
434 28 5 1 1
437 25 5 5 0
438 72 5 4 0
440 76 2 1 1
441 50 2 5 1
442 6 1 1 1
445 49 3 1 1
445 40 3 1 0
447 31 5 3 1
447 21 1 5 0
448 46 2 5 0
448 54 5 5 1
448 8 2 2 0
450 82 5 3 1
450 54 4 3 1
453 2 1 4 1
455 63 2 5 1
455 34 3 3 1
455 29 4 5 1
463 74 3 4 1
465 80 3 4 1
468 30 3 4 1
469 50 2 1 1
469 7 3 3 0
471 31 3 1 1
473 17 2 5 1
474 47 1 1 1
475 74 4 4 1
478 37 3 3 0
479 16 4 2 0
481 68 2 4 0
481 28 2 4 0
482 74 4 4 1
485 17 3 1 0
486 45 2 5 1
486 83 2 1 0
487 22 4 4 0
487 32 5 1 0
487 15 1 2 1
491 64 1 5 1
492 3 5 4 0
495 59 4 2 1
497 2 4 1 1
498 54 5 1 0
498 15 5 1 0
499 74 1 5 1
500 49 1 5 0
500 38 3 1 1
501 37 3 4 1
506 24 2 3 0
507 75 5 1 0
508 87 5 4 0
511 13 5 3 0
511 28 3 2 1
512 61 4 3 0
516 46 5 2 0
516 48 2 2 1
517 77 5 4 0
520 86 4 3 1
521 62 3 2 0
521 79 5 1 0
524 1 1 5 1
525 4 3 3 0
526 9 3 5 1
526 10 4 3 0
526 18 3 2 1
527 81 5 2 0
528 67 3 5 0
531 66 5 3 1
532 81 2 5 1
534 52 5 4 1
536 14 4 2 0
537 56 3 5 0
538 79 4 3 1
540 82 4 2 1
540 11 2 2 1
541 2 2 4 1
544 64 4 1 1
544 24 1 4 0
545 74 5 5 1
547 27 5 5 1
547 41 3 5 1
549 69 5 2 1
552 49 1 1 1
556 35 2 4 0
556 28 2 3 0
561 59 5 1 1
564 20 5 5 1
564 38 4 1 0
571 55 2 4 0
573 59 1 2 1
573 29 1 4 0
573 75 5 4 0
573 87 5 2 1
574 33 4 5 0
575 53 5 1 1
576 55 1 5 1
576 83 3 4 1
578 18 1 3 1
579 79 3 2 0
581 68 3 2 0
582 11 5 3 0
583 76 1 4 1
584 61 4 5 0
585 17 5 1 0
586 3 4 4 1
586 53 4 4 1
587 53 1 1 0
587 38 4 2 1
589 39 3 2 0
590 65 3 3 0
591 51 1 3 0
591 51 4 1 0
592 45 2 2 0
592 59 1 4 0
592 82 4 3 1
592 33 5 1 1
593 64 4 5 0
595 23 4 5 0
595 37 2 4 0
598 10 1 1 1
601 44 5 2 0
603 75 3 3 0
604 18 5 3 0
604 9 4 4 1
604 80 3 4 0
604 77 1 5 0
605 79 1 3 0
606 2 3 1 0
607 45 5 3 1
607 55 4 1 0
607 57 3 1 0
609 65 2 3 1
610 8 5 3 0
610 76 2 2 0
612 2 5 5 1
614 18 5 2 0
617 29 5 2 0
618 8 4 2 1
618 69 4 1 1
619 56 1 1 1
627 77 4 3 0
628 54 2 5 1
631 79 2 5 1
631 36 4 2 1
635 25 1 3 0
636 85 4 1 0
636 58 3 5 0
637 21 5 3 0
640 14 3 5 1
644 13 2 5 0
648 61 4 3 0
650 26 1 5 1
651 75 1 4 0
651 35 1 5 0
652 76 5 5 1
652 66 3 2 1
652 75 3 2 0
653 72 2 3 1
655 69 2 1 1
658 66 4 5 0
659 42 5 4 1
659 34 1 5 0
659 5 5 5 0
660 21 2 3 1
661 67 1 2 0
662 9 2 4 1
663 62 3 4 0
664 22 4 2 1
665 21 4 5 1
666 25 1 2 0
668 17 4 2 0
668 74 1 2 1
669 22 5 3 1
671 8 5 5 0
674 30 5 4 0
678 51 5 3 1
678 18 2 4 0
679 18 1 4 1
685 76 2 3 0
685 79 4 1 0
685 34 5 2 1
687 24 2 3 0
688 46 1 1 0
688 44 1 5 0
688 71 5 5 0
689 16 4 3 1
692 35 4 3 0
692 46 1 5 0
694 84 5 5 1
694 1 5 1 1
696 29 4 2 0
699 41 4 2 1
699 71 3 4 0
699 83 2 4 1
700 6 2 4 1
701 87 4 4 0
701 82 4 3 1
701 32 4 5 1
702 37 3 4 0
703 36 4 4 1
703 6 1 5 1
703 21 5 2 0
705 25 3 5 1
705 37 2 5 0
709 32 5 4 1
709 45 5 3 1
710 40 1 1 1
713 6 5 2 0
714 78 1 4 0
716 11 3 5 1
717 58 5 1 0
717 87 5 4 0
719 16 4 3 1
719 13 3 4 0
720 56 4 3 1
720 9 1 3 0
720 23 3 3 0
721 45 4 3 1
724 2 4 3 1
725 54 1 4 1
726 6 5 1 1
729 64 4 5 1
729 26 1 2 0
729 6 2 4 0
729 12 4 1 1
730 10 4 3 0
732 5 2 3 0
732 87 1 4 0
732 26 2 3 1
735 62 1 3 1
735 11 5 5 0
736 73 4 4 1
737 47 3 2 1
738 86 1 3 0
739 37 5 4 1
741 87 5 2 1
741 78 5 1 0
741 11 5 4 0
744 76 4 3 1
745 30 1 5 0
746 6 4 4 0
747 69 3 4 1
748 44 3 4 1
748 22 5 2 0
749 46 1 1 0
750 3 3 4 0
751 81 1 3 0
754 59 5 4 0
755 38 3 2 0
756 48 5 3 1
758 33 3 3 0
758 16 3 3 1
759 11 1 2 0
759 4 3 5 1
760 52 5 5 1
762 75 4 5 1
764 72 1 2 1
766 33 5 2 0
766 8 5 2 0
767 76 3 2 1
769 24 3 2 1
769 66 4 1 0
771 69 2 3 0
772 70 1 5 0
772 39 3 1 1
774 69 2 5 1
774 87 1 5 1
775 1 5 3 0
775 58 5 5 1
775 70 2 5 0
776 63 5 5 0
776 45 4 2 1
777 10 1 5 1
779 44 1 2 0
779 54 2 1 0
780 71 4 4 1
782 34 3 3 0
783 29 1 4 0
784 25 1 5 0
787 1 2 2 0
788 23 5 1 0
788 36 3 1 1
788 46 4 4 0
792 56 1 1 1
793 13 3 3 0
796 5 4 2 1
798 2 2 3 1
798 8 3 4 0
799 51 1 4 0
801 59 5 1 0
803 16 5 5 1
805 63 2 4 1
808 14 4 3 0
812 76 2 4 1
812 87 5 3 1
815 69 4 2 1
818 36 5 4 0
818 24 4 4 0
818 24 2 2 0
819 31 3 5 0
820 83 4 5 1
820 68 5 1 0
820 14 4 3 0
821 32 2 4 1
821 72 2 5 1
821 24 4 5 0
824 81 1 1 0
825 87 1 2 1
828 9 4 5 1
828 86 2 5 1
830 22 5 1 1
830 44 4 3 1
831 12 1 1 0
832 82 5 5 0
833 85 1 2 0
833 9 1 1 0
834 39 5 4 0
834 4 3 4 1
836 51 2 5 0
838 44 4 4 1
839 10 4 1 0
839 17 1 4 1
841 83 2 3 0
841 31 2 4 0
841 9 4 2 0
842 87 5 4 0
845 87 5 2 1
845 40 4 1 1
845 43 3 2 0
848 61 1 1 1
849 66 5 2 1
850 75 2 1 1
852 37 1 4 0
852 42 4 4 1
853 12 1 5 1
854 48 1 3 0
854 74 4 1 0
854 53 2 2 1
861 2 5 1 0
863 33 4 1 0
864 40 4 3 1
865 70 1 4 1
866 57 1 3 0
870 86 3 1 1
873 25 2 3 0
873 9 3 2 1
873 59 5 2 1
876 81 3 2 0
878 14 3 5 1
879 56 1 3 0
879 54 5 5 1
879 68 3 5 0
880 80 4 2 0
880 36 2 5 0
881 64 3 4 1
883 23 1 2 1
886 64 3 5 1
886 70 4 3 0
888 77 2 1 1
891 83 2 3 0
891 42 1 3 1
893 80 4 2 0
893 26 2 5 1
894 12 5 2 1
894 14 5 3 1
894 60 2 4 1
896 75 3 4 0
897 83 3 1 1
900 54 3 4 0
900 68 1 4 0
902 52 1 4 1
902 50 1 2 0
903 77 2 5 0
905 26 2 2 0
907 39 3 3 0
907 56 2 1 0
908 33 3 4 0
911 40 4 2 1
911 83 4 5 0
912 19 3 5 1
913 39 3 5 1
915 3 2 5 1
915 74 5 5 0
917 11 5 3 1
918 9 2 3 1
918 34 2 5 0
920 51 3 2 0
921 83 1 4 1
922 29 5 3 1
922 34 1 5 0
923 84 3 1 0
925 38 3 4 0
925 26 3 4 0
927 63 5 1 0
927 24 5 2 1
928 13 4 4 1
930 36 4 5 1
935 85 4 3 0
936 76 2 4 1
937 74 4 2 1
937 41 1 1 1
939 10 4 2 0
942 23 1 1 1
945 70 3 1 0
946 72 2 2 1
946 75 5 3 1
946 86 5 4 0
947 85 5 4 0
950 2 1 2 0
950 39 2 5 1
951 29 4 2 0
951 86 4 1 1
952 71 1 3 1
953 20 4 4 0
954 80 3 4 1
956 27 4 5 0
957 27 4 3 0
957 26 3 3 1
957 20 1 4 0
957 67 3 4 1
958 23 3 5 1
958 79 3 5 1
958 77 1 4 1
959 85 5 1 1
961 33 1 5 1
962 26 4 2 0
964 17 3 4 1
970 58 4 4 0
970 74 5 3 1
972 21 1 2 0
973 11 1 3 0
974 80 4 3 1
975 35 5 3 1
975 3 5 5 1
976 60 4 2 0
978 13 3 4 0
978 8 1 2 0
981 8 1 3 0
981 86 2 3 1
982 36 2 5 1
984 79 2 3 1
985 24 1 2 1
986 76 3 2 1
987 11 3 1 1
989 15 3 4 0
989 30 1 5 0
989 86 3 4 0
989 13 5 3 1
989 13 4 5 1
990 44 5 3 0
991 18 2 2 0
993 39 4 4 0
996 4 5 2 0
997 17 1 3 0
999 27 3 1 1
999 54 1 5 1
1000 30 4 5 1
61 638
4 59 2 5 1
4 51 3 3 1
6 8 5 1 1
7 42 5 5 0
9 18 5 5 0
11 54 2 3 0
12 60 3 3 1
13 19 2 1 1
14 8 5 2 0
15 43 3 1 1
18 21 3 4 0
19 14 2 5 1
19 27 2 2 0
20 24 5 3 1
20 12 5 3 1
22 44 3 5 0
25 61 4 5 0
29 21 1 4 0
30 7 2 2 1
31 37 1 1 0
32 58 1 5 0
35 40 3 4 1
36 59 4 3 1
37 32 2 4 1
39 36 4 3 0
39 7 4 4 0
39 32 3 3 0
41 43 3 4 0
43 43 1 2 1
47 47 2 2 0
48 55 3 3 1
48 23 5 3 0
52 61 4 4 0
54 56 3 4 0
57 8 2 3 0
61 32 3 5 1
65 21 3 3 1
66 11 2 2 0
68 16 3 2 0
68 2 4 3 0
73 23 3 5 1
76 23 1 4 0
77 46 2 2 1
78 15 5 5 0
80 51 1 2 0
81 2 3 2 1
82 57 4 5 0
83 43 4 5 0
84 61 1 3 1
85 61 1 3 0
85 43 5 3 0
93 9 4 2 1
94 27 1 1 1
98 40 5 3 1
98 61 1 2 1
100 19 5 3 0
100 34 1 3 0
105 8 1 4 0
108 17 4 2 0
109 30 1 3 0
110 25 4 1 0
112 29 4 5 0
112 50 1 3 1
114 22 4 3 0
115 22 3 2 1
118 34 3 1 1
121 53 4 2 1
122 49 5 3 1
124 24 5 4 0
124 58 5 1 1
125 25 4 5 1
126 34 3 1 0
127 9 5 2 0
128 29 3 1 0
128 5 2 5 1
134 31 2 1 1
135 1 5 5 1
135 49 3 1 0
136 15 4 2 0
139 8 4 2 1
140 6 5 3 1
141 58 2 5 1
142 46 1 1 0
143 55 5 2 1
143 26 4 5 1
144 11 5 3 1
145 42 5 3 1
149 49 3 1 1
152 53 3 4 0
153 43 5 5 1
154 24 4 2 1
155 49 2 3 0
160 3 4 1 1
162 55 4 2 0
164 25 4 2 1
164 45 4 3 0
164 19 4 3 0
169 29 5 4 1
169 38 4 4 1
170 28 1 1 1
172 60 1 5 1
175 32 5 5 1
176 49 1 1 1
176 13 4 5 1
177 38 2 2 0
178 14 3 2 0
179 44 1 2 0
179 10 4 5 1
179 56 4 2 1
181 61 2 5 1
181 27 4 5 0
182 21 2 1 1
184 1 2 1 0
186 16 4 3 1
190 6 1 2 1
192 58 1 5 0
192 21 4 4 0
195 11 4 5 0
196 21 1 5 0
198 32 2 3 1
200 5 5 4 0
200 8 3 2 0
209 28 2 1 0
209 52 1 5 1
209 46 1 5 1
210 32 4 2 1
211 18 3 3 1
212 26 2 5 1
213 25 1 5 0
215 23 3 3 1
215 8 3 1 1
215 40 1 1 0
217 58 3 4 0
219 4 4 3 0
221 46 1 4 0
221 37 3 5 1
228 26 4 1 0
229 3 2 4 1
231 3 1 3 0
236 37 2 5 0
240 53 2 3 1
243 18 4 4 0
247 37 3 2 1
248 37 1 1 0
248 14 3 4 1
251 48 4 5 1
251 55 1 3 0
257 8 3 3 0
257 47 2 3 0
260 39 1 2 1
260 51 3 5 0
261 21 3 2 1
262 58 2 2 0
263 45 4 5 0
266 47 4 5 0
268 25 1 1 0
268 49 1 1 0
269 8 3 4 1
270 28 4 3 0
271 20 2 5 0
271 42 1 2 0
273 7 5 2 0
275 11 3 1 0
278 48 1 4 0
280 22 1 1 0
282 40 5 1 1
284 16 2 5 1
284 24 5 3 0
288 25 4 3 0
294 4 3 4 1
296 11 3 1 0
297 52 3 4 1
299 30 1 1 1
302 17 4 2 1
304 35 3 2 1
306 42 2 1 1
308 54 2 4 1
310 24 1 5 0
310 29 3 5 1
310 46 2 3 1
313 36 2 2 0
314 26 2 2 1
314 39 2 1 0
314 49 4 1 0
315 22 5 5 1
315 1 3 3 0
317 6 2 1 1
318 17 2 4 0
319 38 3 4 1
322 49 1 2 1
322 53 5 4 1
324 15 3 4 1
325 44 3 1 0
328 8 1 1 0
328 16 5 3 0
329 30 5 3 1
332 47 5 3 1
334 36 3 4 1
334 18 2 4 0
338 20 3 1 1
341 11 4 2 0
342 12 4 1 1
342 53 5 4 1
343 19 3 2 0
344 7 3 5 0
346 13 4 4 0
347 49 2 4 0
347 31 2 3 1
349 51 1 2 1
350 49 5 3 1
351 6 5 3 1
352 2 1 1 1
352 16 5 1 1
353 43 1 2 1
353 55 5 1 0
354 37 5 2 1
358 57 3 3 0
365 36 4 4 0
368 50 4 2 1
369 18 1 4 1
369 3 5 4 0
370 21 4 4 1
371 7 1 3 0
371 30 3 4 0
372 19 3 5 0
375 27 4 1 0
375 61 5 4 1
376 60 1 5 0
377 54 2 3 0
377 48 2 2 0
381 57 5 5 1
381 41 1 4 0
385 58 1 2 0
386 44 2 4 0
389 32 3 4 0
390 37 5 4 1
394 51 4 3 1
396 9 1 4 0
398 2 1 1 0
399 27 5 2 0
402 30 3 2 1
403 16 1 2 1
403 32 3 1 1
406 48 5 5 0
406 51 2 4 0
407 10 1 4 1
409 57 1 3 0
410 42 1 4 1
417 39 2 2 1
418 60 2 1 0
420 16 3 1 0
423 10 4 5 0
428 25 2 4 1
429 25 5 2 0
432 12 5 4 0
432 1 5 5 0
434 48 2 5 1
437 21 2 5 0
437 4 4 1 1
439 36 3 4 0
439 27 3 1 0
440 47 1 1 0
442 19 2 5 1
442 50 5 5 0
455 50 5 2 1
455 6 4 2 1
455 41 4 4 1
456 45 4 4 0
456 46 4 2 1
457 12 2 2 0
459 10 3 2 1
464 57 5 2 0
465 25 1 5 0
465 59 4 4 1
467 16 1 5 1
468 42 2 3 1
469 21 1 1 0
469 4 5 4 0
470 14 4 2 0
471 24 2 3 1
474 25 2 4 1
474 50 4 5 1
474 20 5 2 0
475 14 3 3 1
478 46 3 2 0
479 11 4 5 0
480 55 1 4 1
481 13 3 4 1
481 21 1 4 0
481 44 3 4 1
484 42 1 2 1
486 5 1 1 0
489 39 3 5 1
489 56 2 5 0
493 17 2 4 0
495 4 4 3 1
500 51 3 3 0
500 38 3 1 0
502 14 2 5 1
505 44 5 2 0
507 23 4 1 1
507 60 5 3 0
507 19 4 4 1
509 45 5 1 1
511 12 4 1 1
511 37 1 2 1
513 13 2 5 0
513 47 2 2 1
515 43 5 3 0
517 50 2 2 1
518 25 4 2 1
519 14 5 1 0
519 18 5 1 0
519 36 5 1 0
519 31 4 3 1
524 34 5 4 0
524 54 5 2 0
524 61 5 2 1
526 57 5 2 0
527 47 4 4 0
529 45 4 1 0
535 15 2 4 1
538 36 1 3 1
539 28 2 3 1
540 48 3 5 0
541 41 1 2 1
542 53 2 4 1
542 45 1 5 1
544 54 3 2 1
544 6 5 1 0
545 50 4 4 0
546 8 5 1 0
551 58 2 2 0
551 19 1 4 1
552 47 1 1 1
553 52 3 4 0
554 24 4 2 1
554 3 1 1 0
554 57 3 1 0
557 38 3 2 1
557 28 3 4 1
558 5 1 3 1
560 33 1 5 0
561 34 3 3 1
562 33 2 2 1
563 19 3 2 1
563 7 5 2 0
564 39 3 4 1
565 51 3 5 0
568 33 1 4 0
568 29 3 5 0
569 15 3 1 1
572 34 3 4 1
573 61 5 4 0
576 23 1 1 0
576 1 1 4 1
577 59 3 4 1
577 43 5 5 1
578 33 4 1 0
580 33 1 5 0
580 56 4 5 1
581 44 5 5 0
581 4 3 4 1
583 55 1 5 1
583 42 4 3 1
589 6 1 3 1
593 25 1 4 1
593 58 5 3 1
594 10 5 3 0
594 37 3 1 0
598 28 5 1 0
599 58 1 5 0
601 61 5 2 1
603 31 3 3 1
606 44 5 5 0
608 41 1 1 0
609 45 4 2 0
610 45 3 5 0
611 33 3 1 0
613 19 4 3 1
622 34 3 5 0
622 26 1 3 1
624 43 2 4 1
625 10 5 2 1
626 55 3 5 1
626 51 3 1 0
627 22 2 3 1
628 12 2 4 0
629 44 4 2 0
629 3 4 5 1
630 44 1 5 0
630 39 4 4 1
631 21 1 2 0
632 42 4 3 1
633 24 1 2 1
635 45 5 3 1
636 22 5 3 1
640 45 3 5 0
643 8 3 5 1
643 24 4 4 1
643 33 1 3 1
644 44 2 4 0
645 28 3 1 1
647 20 2 4 1
647 60 2 3 1
649 6 4 5 1
649 60 2 5 0
650 32 1 5 1
651 46 1 2 1
652 11 4 3 1
656 30 5 4 1
657 47 4 4 0
658 51 2 2 1
659 61 3 1 0
662 46 3 5 1
662 54 3 1 1
664 6 5 5 0
665 6 3 3 1
666 57 3 2 0
669 41 5 2 0
671 18 1 5 0
674 13 1 4 0
675 8 2 2 1
678 56 2 1 1
679 42 1 2 1
681 5 5 5 0
682 59 1 5 1
683 2 2 3 1
683 41 3 1 1
689 16 1 3 1
689 2 3 5 1
690 54 4 5 1
694 17 1 1 0
695 59 3 1 1
696 9 4 2 1
697 42 4 3 0
700 32 1 4 1
703 39 5 2 0
704 5 1 1 1
706 35 5 4 0
706 34 5 1 1
706 8 2 5 0
707 43 5 5 1
707 16 3 5 1
708 10 1 4 0
709 55 2 3 0
710 21 2 2 0
711 7 3 4 1
715 22 2 1 1
716 48 5 2 1
718 56 2 4 1
718 7 4 4 1
719 59 1 3 1
722 46 2 3 0
731 34 4 4 0
731 11 2 1 1
733 41 2 4 1
734 5 3 5 1
737 21 3 5 1
738 18 4 3 0
738 36 3 4 1
738 58 1 3 1
739 27 4 2 1
739 44 3 2 0
739 5 5 3 0
741 31 4 5 0
742 8 5 3 1
742 24 1 2 1
746 13 4 1 1
747 10 4 2 1
749 24 4 3 1
752 61 3 4 1
755 47 4 1 1
757 23 2 5 1
758 21 2 4 0
758 51 1 4 1
760 8 1 1 0
762 18 5 3 0
762 14 1 1 1
763 3 4 5 1
764 5 2 1 0
766 10 5 3 1
767 59 4 2 0
767 27 5 1 1
769 22 5 3 0
770 61 5 2 1
771 9 2 5 1
771 40 5 4 0
773 18 3 2 1
774 47 5 1 0
778 42 4 5 0
782 24 2 1 1
782 41 3 4 0
784 58 2 2 0
790 47 1 3 1
791 19 2 2 1
794 60 4 1 0
794 51 1 1 1
795 15 4 3 1
795 39 2 2 0
800 37 1 4 1
800 43 3 5 0
800 27 5 1 1
804 17 3 5 0
806 40 1 1 1
808 25 5 5 0
808 43 1 4 1
811 7 4 5 0
812 39 2 1 1
814 51 5 2 1
815 12 2 1 0
816 56 5 4 1
817 14 1 3 1
817 54 4 3 0
817 44 5 5 0
817 5 3 5 1
818 44 1 5 0
823 39 2 2 0
824 50 3 3 1
824 31 3 4 0
825 7 3 3 0
827 40 1 5 0
830 56 1 2 1
833 26 4 1 1
837 33 5 3 1
837 28 5 5 0
840 14 2 4 1
840 20 1 5 0
844 54 2 1 0
847 44 3 4 1
849 45 3 2 1
849 16 1 3 0
851 4 3 5 0
851 48 4 4 0
852 58 3 1 0
853 55 4 1 0
858 29 1 4 1
858 30 5 4 1
859 27 1 3 0
865 10 3 5 0
865 27 4 1 0
865 38 3 5 0
866 34 5 5 0
869 32 3 1 1
871 3 1 4 1
872 14 5 1 1
872 12 3 2 0
873 29 5 2 0
874 3 5 1 1
875 28 4 5 1
876 42 1 2 1
876 4 5 1 0
877 8 5 2 0
878 18 1 5 1
878 44 5 1 0
878 16 5 3 1
879 38 5 2 0
880 11 1 1 0
880 11 3 2 0
881 59 1 5 1
885 40 5 5 1
887 16 4 2 1
889 60 4 4 0
890 30 4 3 1
893 4 4 5 1
895 34 1 3 1
896 56 3 3 1
900 59 1 2 0
900 23 3 4 0
900 21 2 3 0
901 11 4 2 0
903 40 2 2 1
904 20 3 3 0
907 1 3 3 1
907 35 4 3 1
909 61 1 4 0
910 8 5 1 0
910 28 5 3 1
912 54 5 5 1
912 45 2 4 0
913 18 1 3 1
914 2 5 2 1
915 11 3 2 1
915 61 2 2 0
917 40 4 3 1
920 60 4 3 0
921 9 1 2 0
925 25 5 1 0
931 52 2 1 1
931 48 3 3 1
933 28 4 5 1
934 50 2 3 1
935 56 3 2 1
937 52 3 5 0
939 16 3 4 1
939 37 1 5 1
941 46 3 3 0
943 31 4 2 0
943 13 1 1 1
945 30 1 2 0
945 42 4 4 1
945 30 5 2 0
946 33 5 3 0
947 26 2 4 0
947 28 4 5 0
948 13 2 1 1
950 8 2 5 1
952 48 4 2 1
953 31 5 2 1
954 38 3 3 1
956 58 2 5 0
956 32 4 5 0
961 46 2 1 1
963 5 5 1 1
966 14 2 5 0
967 32 5 5 1
967 4 3 3 1
969 58 5 3 1
971 33 5 2 1
975 4 5 2 1
976 53 5 2 0
978 42 5 4 1
979 32 1 1 0
980 50 3 4 1
981 56 4 2 1
981 21 1 2 0
983 60 4 3 1
984 8 3 4 1
985 10 5 4 1
986 7 1 5 0
987 29 3 4 0
988 35 1 3 0
995 35 5 3 0
995 3 1 5 0
997 14 2 5 1
998 47 4 5 1
999 44 4 3 0
999 11 1 2 1
57 663
2 16 2 2 1
5 9 5 2 1
6 40 3 3 1
7 32 2 3 1
8 45 1 3 0
9 2 1 4 1
10 34 4 3 1
11 38 5 3 1
14 37 3 1 1
14 24 3 4 0
16 24 3 1 0
18 47 2 1 1
18 11 3 3 1
23 51 5 5 0
25 34 2 1 1
30 44 4 2 1
31 47 5 1 0
35 27 5 4 1
37 50 5 5 1
39 37 5 1 1
40 21 5 3 0
41 14 5 2 0
42 53 1 2 1
44 46 1 2 0
48 8 2 5 0
53 30 1 4 0
61 5 3 1 0
65 7 5 1 1
69 36 2 1 0
69 12 2 4 0
70 55 2 4 0
71 6 5 5 0
71 48 4 2 1
72 33 5 4 0
72 30 1 5 0
73 29 2 3 1
77 10 1 2 0
78 33 5 2 0
81 44 5 3 0
82 29 5 3 0
82 5 5 4 1
85 37 5 5 1
85 18 3 1 1
85 45 3 2 0
89 19 1 5 0
89 35 5 4 1
90 47 5 2 1
90 21 2 4 0
93 52 5 5 1
94 48 2 1 0
96 47 4 3 1
96 22 3 1 0
98 51 5 1 1
100 27 1 1 1
100 13 4 1 1
100 11 2 5 0
100 2 1 4 1
101 52 5 1 0
102 13 1 4 1
102 33 5 4 0
106 41 5 1 0
108 4 1 2 1
110 51 4 1 0
111 35 5 4 0
112 14 3 5 1
115 29 4 5 0
123 13 3 4 1
126 23 1 2 1
128 56 4 3 0
129 18 1 4 1
129 43 2 2 1
130 38 4 5 0
132 1 5 2 1
137 32 3 4 0
137 52 4 5 0
137 8 4 2 0
138 51 3 5 0
138 22 3 2 1
140 46 5 3 0
142 21 5 1 0
145 57 2 2 1
146 48 4 4 0
147 14 4 5 0
148 32 4 3 1
148 28 2 5 1
150 56 4 5 0
151 5 4 1 0
151 51 5 2 0
153 31 4 3 0
154 32 2 4 1
154 32 4 4 1
156 49 2 3 1
157 39 2 2 1
160 48 3 5 1
162 8 2 1 0
165 32 3 3 1
166 39 2 4 0
167 48 1 5 0
168 49 3 2 0
168 12 4 4 1
169 13 1 2 0
170 20 4 4 1
170 24 4 1 0
173 20 3 1 1
175 34 4 3 1
175 1 1 5 0
178 24 5 2 1
179 6 5 3 0
179 16 5 4 0
179 41 1 2 0
180 18 3 1 0
184 44 3 3 1
186 34 2 2 1
187 54 5 3 0
189 9 3 5 1
190 13 2 3 1
190 42 1 1 1
191 31 1 4 1
192 34 4 4 0
193 24 3 5 1
193 6 1 2 0
194 2 4 5 1
194 19 1 4 1
197 41 1 2 0
199 32 2 1 1
200 7 5 4 0
202 57 2 2 1
203 14 1 2 0
204 33 5 1 0
205 3 2 3 1
206 54 4 5 0
207 53 3 1 0
209 4 3 3 1
210 25 2 4 0
213 47 2 3 0
216 55 4 5 0
216 40 3 3 1
216 7 4 3 1
217 49 3 4 1
218 4 3 2 1
223 36 1 2 1
224 20 5 5 0
225 39 5 3 0
234 35 3 4 1
236 3 2 4 1
239 25 3 2 0
239 4 2 4 0
240 42 1 5 0
243 40 1 1 0
245 15 3 2 1
247 11 2 1 1
248 13 5 1 1
249 16 4 4 0
250 11 5 5 0
250 49 4 2 1
253 14 5 1 0
254 57 2 1 1
257 14 3 3 1
258 5 1 5 1
265 24 4 3 1
265 13 2 4 1
266 24 1 2 1
267 15 1 1 1
268 50 3 5 1
268 30 4 1 1
269 18 5 5 0
270 28 3 5 0
272 19 2 2 0
274 15 4 3 0
275 32 1 3 0
276 3 1 5 1
276 42 2 2 1
277 12 3 5 1
278 53 4 5 1
280 37 3 4 0
287 23 2 1 0
287 22 2 5 0
288 14 1 5 1
289 21 1 5 1
290 7 5 4 1
292 36 2 5 1
296 7 1 4 1
296 38 2 1 0
296 20 3 3 0
298 1 1 1 1
299 29 4 1 1
300 45 4 1 0
300 44 1 2 0
301 57 1 5 1
304 38 3 5 0
305 56 4 1 0
305 42 4 1 0
306 45 4 3 1
306 32 4 1 0
310 24 4 5 0
310 44 4 4 1
317 15 5 1 1
318 7 4 4 1
320 12 2 4 1
320 49 1 3 1
320 17 1 3 1
321 2 4 1 0
321 55 5 4 1
323 40 5 4 1
325 48 5 4 1
326 49 5 2 1
331 39 4 5 1
333 9 3 2 0
334 42 3 4 0
335 40 1 4 0
337 48 2 3 0
338 4 1 1 1
340 19 4 3 0
340 3 1 5 1
346 4 5 3 1
347 22 2 3 0
347 3 1 2 1
347 1 3 3 0
348 33 5 3 1
350 47 5 1 0
350 47 4 3 0
353 52 5 3 1
354 19 3 2 0
355 29 4 5 1
357 14 4 3 1
358 28 4 5 0
360 50 2 3 1
360 9 1 1 0
361 50 5 1 1
362 50 1 1 1
364 55 1 5 0
365 22 4 4 1
366 45 4 2 0
368 43 5 1 1
368 3 4 5 1
369 24 5 2 0
373 5 5 5 0
373 5 1 5 0
373 24 4 2 0
374 8 5 2 1
374 13 5 5 0
375 37 2 4 0
377 29 1 1 1
377 5 3 4 1
379 20 3 1 1
380 37 2 3 0
381 43 3 2 0
383 20 3 3 0
384 9 4 2 0
385 39 4 3 0
386 25 1 1 1
389 3 2 2 1
394 41 3 5 0
396 53 2 5 0
398 20 5 5 0
399 11 1 3 0
399 32 4 4 1
399 24 3 4 0
400 12 1 3 1
401 19 1 2 1
404 35 3 2 1
405 39 1 5 1
407 13 1 1 0
408 22 1 2 1
411 24 5 1 1
411 17 2 1 1
415 11 3 4 0
417 45 1 2 0
418 36 2 5 0
418 27 5 1 0
418 55 5 5 0
419 12 2 2 1
423 40 1 2 0
427 47 5 1 1
427 34 4 2 1
427 18 1 4 1
430 37 4 4 1
430 50 1 3 0
431 41 4 1 1
435 21 2 5 1
435 44 2 1 0
435 25 1 5 1
436 52 5 5 0
436 36 3 1 0
438 44 2 2 0
438 6 5 5 0
441 56 1 4 1
444 15 4 4 1
446 40 1 4 0
452 6 2 4 0
453 29 1 2 1
453 12 1 1 0
456 40 4 1 0
456 55 3 3 0
457 45 3 4 0
459 44 2 3 1
460 4 5 4 0
460 28 2 5 0
461 13 4 1 0
462 21 2 5 0
462 7 4 2 0
468 22 2 3 0
469 19 3 5 0
470 1 2 5 0
471 15 1 4 0
471 46 1 2 1
472 3 1 3 0
474 4 1 2 1
474 20 2 4 0
475 4 4 3 0
476 25 2 1 0
478 27 1 5 0
478 31 1 5 1
481 20 4 1 1
484 28 4 2 0
486 37 3 3 1
488 48 2 3 0
491 22 4 3 1
495 52 4 3 0
496 7 3 2 0
499 51 2 2 1
501 56 3 2 1
503 4 4 3 0
504 43 2 2 1
508 14 3 5 0
509 15 4 4 0
509 19 1 4 1
512 21 1 2 0
514 16 1 3 0
516 22 4 5 1
518 10 2 3 0
521 43 1 5 1
523 1 1 5 0
524 36 1 4 0
525 1 2 2 1
526 34 5 4 0
528 35 2 3 1
530 26 1 2 0
535 47 5 4 1
535 25 2 1 0
537 48 5 3 0
538 34 2 5 0
539 34 4 1 1
539 23 4 2 0
539 8 3 3 0
539 20 3 4 0
540 57 1 3 0
541 46 5 2 1
541 19 2 2 0
542 53 4 2 0
544 47 1 3 0
544 8 1 2 0
544 21 3 2 1
545 9 3 5 0
550 51 1 1 0
551 23 2 2 1
551 55 5 2 0
551 13 3 3 1
553 53 1 1 1
553 13 1 4 0
553 24 4 4 1
554 28 5 4 0
555 22 1 5 0
557 28 1 3 1
560 5 3 3 1
561 40 4 1 1
566 36 3 5 0
567 24 5 4 0
574 7 2 3 0
579 55 1 2 0
580 41 4 2 0
581 38 5 4 0
582 3 4 4 0
583 29 2 4 1
584 40 3 1 1
585 33 3 4 1
587 44 5 5 1
590 48 4 4 1
592 10 3 1 1
592 24 2 2 1
598 40 1 4 1
599 2 5 2 0
599 26 4 2 1
601 36 3 3 1
602 34 5 1 0
602 12 3 5 0
606 41 3 5 1
606 8 1 5 1
610 23 1 1 1
610 9 2 4 1
616 12 5 5 0
616 18 2 3 1
620 28 5 1 1
624 56 4 4 0
626 26 3 2 1
626 12 5 5 1
627 51 3 2 1
629 25 1 4 1
629 14 4 1 0
631 46 4 2 1
631 25 3 1 1
632 2 2 1 0
633 57 3 4 0
634 30 3 5 1
635 51 3 3 0
637 25 3 3 0
638 27 2 5 0
639 42 2 4 0
640 22 2 2 1
641 12 2 5 0
641 47 1 2 0
641 32 5 1 0
642 13 5 2 1
643 35 1 5 1
645 47 1 2 0
645 57 3 3 1
646 30 2 2 1
647 46 3 3 1
648 2 3 5 0
650 40 2 5 0
651 37 1 5 0
651 25 1 1 1
652 9 4 5 0
653 37 3 1 0
655 43 5 1 0
655 52 1 3 0
656 35 2 1 0
657 31 3 1 1
657 12 5 4 1
658 54 2 5 0
659 25 5 3 0
660 18 1 1 1
661 11 3 4 1
668 52 1 5 1
668 42 4 4 1
668 26 5 4 0
670 57 5 3 0
671 28 3 2 0
672 38 5 2 1
672 52 5 3 1
672 35 5 4 0
673 24 2 4 1
673 3 5 2 0
675 38 4 5 0
677 28 5 3 0
678 31 5 4 0
680 33 5 2 1
680 14 5 3 0
681 36 5 1 1
683 2 5 3 1
685 47 2 5 0
687 50 5 5 1
687 1 3 3 0
690 2 1 5 0
693 42 1 3 1
696 8 4 5 1
697 55 3 1 1
698 8 5 2 0
698 2 3 2 1
698 49 1 1 0
700 51 2 2 0
701 46 3 2 1
701 22 1 5 0
702 3 3 5 0
703 47 1 3 0
704 19 3 4 1
707 54 4 2 0
708 39 5 4 0
708 36 3 3 0
714 47 4 4 0
715 27 3 4 0
716 26 4 2 0
717 27 2 1 1
718 30 2 3 0
719 36 3 1 1
720 42 1 3 0
724 56 5 5 1
725 24 3 5 1
726 55 3 2 1
726 15 2 5 1
729 34 5 1 1
729 32 4 1 1
732 43 1 2 1
736 38 1 4 1
737 5 2 2 1
738 10 3 2 0
739 53 4 1 1
744 48 3 4 0
744 52 1 1 1
745 40 5 3 1
745 53 4 1 0
747 49 4 1 1
747 2 3 1 1
749 38 1 1 1
750 36 3 1 0
752 19 4 3 0
752 27 4 3 0
753 26 2 5 1
754 5 3 2 1
757 17 1 5 0
757 16 3 4 0
758 22 2 4 0
766 47 5 5 1
767 4 5 1 0
768 9 2 5 0
768 4 2 3 1
768 50 2 3 1
771 22 1 3 0
771 26 2 1 1
772 34 3 3 0
773 57 1 2 1
773 53 5 1 0
773 10 3 1 0
773 55 2 1 1
776 26 2 5 1
777 2 4 4 0
777 39 4 3 0
778 50 4 4 0
779 27 3 5 1
780 24 1 4 0
789 31 5 4 0
789 52 2 1 0
789 57 2 4 0
790 39 1 1 0
794 30 2 3 1
795 22 3 5 0
796 1 1 3 1
796 1 5 3 0
798 7 3 3 0
798 14 1 1 0
800 2 5 1 0
802 55 3 5 1
803 24 3 4 1
804 3 4 1 0
807 10 5 2 0
808 53 1 5 1
810 49 3 2 0
811 30 2 3 0
811 35 5 2 0
812 9 2 2 1
812 32 4 5 0
813 35 3 5 1
815 46 2 4 1
818 22 5 2 1
821 22 3 5 1
827 7 4 1 1
830 57 2 1 1
831 55 5 2 1
835 34 2 4 0
836 8 2 5 1
837 23 5 3 1
838 16 1 3 0
840 46 2 2 1
842 29 3 2 1
844 26 5 1 0
844 20 1 3 0
845 39 3 2 1
845 18 2 4 1
846 30 5 4 0
851 42 1 1 1
855 23 2 1 1
857 7 5 1 1
857 28 2 1 1
859 37 4 5 1
860 51 2 1 0
861 26 4 5 0
861 41 2 2 1
866 35 2 2 0
871 38 3 3 1
874 37 4 2 1
875 44 5 1 1
875 48 2 3 1
876 13 4 1 0
880 56 1 1 0
882 17 5 2 1
882 46 1 2 0
883 22 1 1 1
885 5 3 2 1
886 18 5 3 1
886 29 3 1 0
890 21 5 4 1
891 26 1 3 0
894 2 2 2 1
896 27 1 3 1
896 18 4 2 1
896 21 1 1 1
897 36 3 5 1
898 7 4 3 0
901 49 2 2 1
903 31 3 2 1
904 54 4 4 0
905 11 1 5 1
905 53 4 5 1
906 34 3 2 0
907 19 2 3 0
907 20 4 4 1
907 35 2 5 1
907 4 1 1 1
907 26 4 2 0
908 18 4 3 0
908 54 4 4 0
908 39 2 2 1
908 57 2 3 1
910 22 2 5 0
910 44 5 5 1
914 20 3 5 1
914 40 2 2 1
915 57 1 5 1
916 52 3 5 0
920 2 2 1 1
923 36 4 5 0
924 44 5 2 1
925 57 4 1 1
926 34 1 1 1
926 48 1 1 0
926 14 4 3 0
929 56 5 4 0
931 35 2 3 0
932 2 1 4 1
935 15 1 5 1
940 16 1 1 0
942 40 1 4 0
943 46 2 2 0
944 23 1 4 0
945 35 5 4 1
946 40 3 3 0
946 24 1 1 1
948 57 1 2 0
950 37 1 4 0
951 39 3 5 0
952 38 3 2 1
952 7 5 2 0
952 42 2 2 1
954 5 5 5 1
954 36 5 2 1
958 29 2 3 0
959 41 3 5 0
959 27 3 1 0
959 32 3 3 0
966 52 4 2 0
970 40 4 4 1
970 13 4 4 0
971 46 2 4 0
971 15 5 1 1
972 56 2 5 0
974 44 3 2 1
975 22 4 1 0
976 53 2 4 0
976 37 5 2 1
979 3 2 1 1
981 49 1 1 1
983 56 3 2 0
988 8 5 5 1
988 40 3 5 1
990 16 5 1 0
992 20 4 5 0
992 13 4 3 1
995 12 4 2 0
996 3 2 5 1
997 42 5 2 0
997 30 2 2 0
998 5 2 5 0
1000 32 2 3 0
53 676
7 50 2 5 1
9 17 3 3 0
10 43 3 2 0
10 44 5 2 0
11 13 1 5 1
11 18 3 1 1
18 25 4 5 0
20 5 2 1 1
21 53 5 3 0
24 44 3 4 0
25 25 4 5 1
25 6 4 2 1
28 8 3 4 0
29 10 2 5 1
29 31 5 4 0
31 31 5 1 1
31 2 5 4 0
34 53 5 2 1
35 4 3 4 1
36 3 1 4 1
37 15 5 2 0
39 7 1 2 1
41 1 5 2 1
42 3 4 1 1
43 7 1 4 0
50 39 4 1 0
50 52 3 2 0
51 1 4 4 0
52 25 2 2 1
59 12 3 3 0
59 22 1 3 1
60 50 1 1 1
60 10 4 4 1
61 12 5 5 1
61 44 2 3 1
62 22 3 3 0
63 38 5 1 1
64 14 2 4 0
66 28 2 4 1
67 39 4 2 0
68 5 4 3 0
72 53 2 1 0
72 27 4 4 1
77 29 5 5 1
78 35 4 2 0
78 36 1 4 0
78 30 5 1 0
80 33 2 5 0
83 43 3 2 1
84 22 3 2 1
85 47 2 3 1
85 34 3 2 0
86 18 5 1 0
86 10 3 1 0
86 13 1 3 0
88 31 3 3 1
88 4 4 5 1
90 17 5 3 0
95 35 2 2 0
96 36 3 4 1
99 47 3 4 0
99 46 2 3 1
99 18 3 5 0
99 35 3 4 0
100 25 4 5 1
100 15 3 3 0
103 1 4 2 0
104 43 2 3 0
105 7 5 5 0
108 14 5 3 0
108 30 3 3 1
110 42 4 1 1
110 7 2 5 1
110 38 3 1 1
110 51 3 2 1
112 52 3 2 0
112 30 5 1 0
112 27 4 1 1
113 11 4 4 1
114 34 3 5 0
115 1 5 1 0
117 41 3 2 0
120 48 2 1 0
124 19 1 5 1
132 41 5 1 0
133 19 2 4 0
134 9 3 2 1
135 28 5 3 1
136 38 5 4 1
136 4 5 3 0
136 48 1 1 0
138 47 3 3 0
138 18 5 3 1
139 28 4 2 1
140 41 2 5 0
144 14 1 5 1
144 25 2 2 1
145 34 2 3 0
145 42 3 5 1
147 44 2 5 0
148 1 2 5 0
148 28 5 2 1
152 32 4 1 0
153 19 3 4 1
154 35 3 4 1
156 12 5 5 0
158 50 5 2 1
159 41 1 2 0
162 51 4 2 0
164 31 3 1 0
164 2 3 5 1
164 37 1 5 0
166 20 1 4 0
167 19 4 1 1
168 21 1 1 0
170 22 4 4 0
170 3 4 2 1
171 52 3 1 1
171 43 3 1 1
176 34 4 5 0
178 50 5 1 0
178 48 3 5 0
179 15 5 4 1
181 18 2 2 1
182 3 2 4 1
185 20 5 2 1
189 12 3 2 1
189 35 1 2 1
195 19 3 5 0
195 38 3 1 1
202 38 2 4 1
203 35 2 1 1
208 13 1 3 0
208 50 4 5 1
208 21 5 3 1
210 32 5 1 1
210 12 4 1 1
212 39 5 4 0
214 15 2 3 1
214 44 5 3 0
215 35 1 2 1
219 9 5 2 1
222 17 5 2 1
222 43 1 3 1
222 38 3 1 0
225 21 5 1 1
226 8 3 3 1
226 8 5 4 1
228 13 3 4 0
229 6 3 1 1
229 40 3 4 1
230 24 2 1 1
230 52 5 4 0
231 25 4 1 0
232 5 2 2 1
233 43 4 5 1
233 50 2 3 0
233 30 1 4 0
234 46 5 2 0
237 47 1 4 1
237 43 5 3 0
237 29 3 1 0
238 23 4 1 0
241 3 4 5 0
245 32 1 4 1
247 44 2 1 0
247 52 4 3 0
253 38 3 4 0
254 20 1 3 1
255 5 3 5 0
256 52 1 5 1
259 41 5 5 0
262 3 3 3 0
263 52 1 3 0
263 13 1 2 0
264 6 3 5 0
269 29 1 2 0
270 42 2 2 1
271 46 1 2 1
272 53 3 1 0
273 44 4 1 1
274 16 3 1 1
275 39 4 5 0
276 27 4 2 0
276 6 4 1 1
278 37 2 5 0
278 28 4 4 0
279 47 2 4 1
280 12 5 1 0
281 18 1 2 0
284 7 5 5 0
288 14 2 4 1
288 23 4 5 1
290 10 4 5 0
294 34 2 3 1
295 2 2 5 0
296 13 3 5 1
296 31 3 4 1
303 20 5 2 1
304 11 4 4 0
305 24 2 4 0
307 14 5 1 0
309 24 2 3 1
310 20 4 1 0
313 39 2 1 0
315 26 4 2 1
317 27 1 5 0
317 20 1 5 1
319 42 4 1 0
320 49 5 3 0
321 30 1 5 0
322 15 1 5 0
325 8 4 4 1
325 23 4 5 0
325 16 2 5 1
328 8 4 5 0
328 34 5 2 1
330 34 2 3 1
330 34 3 4 1
331 27 3 1 1
332 29 3 2 0
333 14 3 2 0
334 44 3 1 0
334 26 3 3 0
336 53 2 2 1
339 17 2 1 0
339 15 3 5 0
343 7 3 2 1
345 15 5 3 1
345 38 3 4 1
348 51 1 4 1
349 21 3 4 0
349 45 4 3 0
350 45 5 4 0
354 47 3 2 0
354 23 3 1 0
358 31 4 2 1
358 8 1 5 1
358 52 3 4 0
359 2 2 3 0
361 7 2 2 1
364 12 5 2 0
368 8 3 5 0
371 49 4 5 1
374 26 1 1 0
375 39 4 2 1
377 12 5 3 1
379 24 2 3 0
383 30 5 2 1
384 10 3 2 1
384 16 2 5 1
386 20 1 1 0
388 35 2 1 0
389 53 5 4 1
393 20 1 3 0
394 10 1 5 0
394 3 2 1 0
394 8 1 2 1
396 21 4 5 1
396 51 2 2 1
397 28 2 1 0
401 52 5 2 1
403 4 2 2 1
404 33 1 2 0
405 15 5 4 1
406 25 2 5 0
407 14 2 5 1
408 45 1 3 1
408 51 5 2 1
409 23 5 3 1
411 30 2 1 0
411 24 1 5 1
411 24 2 3 1
414 44 2 4 1
415 46 1 2 1
416 26 3 1 1
420 17 3 1 1
422 8 2 1 1
422 3 2 4 1
423 47 4 3 0
423 26 1 3 1
424 41 4 1 1
425 25 5 5 0
426 30 4 3 0
429 1 4 4 0
429 19 4 4 1
431 19 2 3 0
433 12 4 4 1
434 16 5 1 1
437 14 5 1 1
438 7 5 5 1
438 12 4 5 1
441 34 2 1 0
443 40 3 3 0
443 10 4 5 1
444 52 1 3 1
445 23 1 1 0
446 8 1 5 1
447 34 1 2 1
447 49 2 2 1
448 37 5 5 0
453 6 3 4 0
453 20 2 1 0
456 21 3 5 0
457 33 4 2 0
457 38 4 4 1
458 6 2 4 1
459 48 4 2 0
459 27 4 1 0
462 27 3 4 0
463 10 3 1 0
463 49 4 3 1
464 1 2 5 0
466 28 5 3 0
466 42 2 1 1
467 47 2 4 0
467 21 1 4 0
469 11 3 5 1
469 41 1 3 1
470 6 1 2 0
471 51 4 3 0
472 35 3 5 1
473 9 1 3 1
474 22 3 1 0
474 17 2 5 0
475 38 1 3 0
477 3 3 5 1
477 7 1 3 1
477 22 3 4 1
478 9 4 5 1
478 41 5 4 1
478 28 1 5 1
481 16 1 3 0
481 6 2 5 1
483 34 3 2 1
484 52 2 5 1
485 31 3 1 1
491 12 5 5 1
498 21 4 4 0
498 5 4 2 1
498 10 2 2 0
499 1 4 1 0
501 4 2 2 1
501 36 4 3 1
501 7 3 4 0
504 27 3 2 0
504 9 2 1 0
506 41 1 5 0
509 49 5 4 1
511 30 3 4 0
511 9 1 3 0
514 28 5 1 0
517 9 1 4 0
518 5 1 5 1
521 6 3 5 1
524 52 5 2 0
524 48 5 4 1
526 17 3 3 1
526 50 1 2 0
528 14 1 4 0
530 14 3 5 1
532 47 3 5 0
535 30 3 3 1
535 30 2 2 0
536 41 3 3 0
537 7 1 5 0
538 28 3 4 0
540 38 2 1 1
541 8 4 1 0
541 9 4 1 0
542 4 3 2 1
542 2 3 5 0
543 28 4 5 0
543 48 2 3 0
544 7 3 1 1
544 35 3 2 1
546 29 4 4 1
549 14 2 3 1
549 13 5 5 1
549 35 4 1 1
550 2 4 5 0
550 14 5 1 1
551 3 4 2 0
552 29 3 4 0
559 47 2 5 1
559 1 1 4 0
560 48 2 2 1
561 18 2 4 1
562 13 5 2 1
563 11 2 3 0
564 14 5 2 0
566 21 3 4 1
571 36 1 1 0
572 5 2 2 1
573 34 3 5 1
581 41 2 5 0
581 38 5 4 0
582 39 3 3 0
583 24 2 5 1
584 9 5 4 1
585 15 1 4 0
588 5 2 3 0
588 49 3 3 0
589 45 2 3 0
590 29 5 3 1
590 45 5 3 0
591 18 1 2 1
594 40 4 2 1
596 32 5 2 0
596 16 1 1 0
597 19 5 2 1
599 24 1 2 1
601 7 4 2 0
604 45 4 1 0
604 49 2 5 0
605 14 4 4 0
605 30 4 2 1
607 52 2 3 1
608 33 1 3 1
610 28 5 1 0
610 21 4 2 0
614 37 1 1 1
615 49 2 5 0
616 4 2 4 1
617 22 1 5 1
617 2 2 4 0
618 1 5 4 1
622 15 5 2 0
623 50 1 4 0
623 19 2 5 1
623 40 1 5 0
625 42 5 4 1
627 6 5 2 0
627 25 5 5 1
628 7 1 5 0
628 22 1 4 0
628 42 4 4 0
632 41 1 4 1
634 52 4 2 1
635 30 1 2 1
638 11 1 4 0
639 24 4 1 1
639 39 2 1 1
640 4 4 1 1
641 41 2 4 1
642 18 1 1 0
644 40 4 4 0
645 11 5 1 1
648 36 2 2 0
653 18 5 5 0
654 26 1 1 0
656 35 5 4 0
656 32 5 4 1
658 52 2 2 1
660 51 1 4 0
662 41 5 4 1
663 12 1 4 0
665 53 4 5 1
666 43 3 1 1
666 31 2 3 0
673 7 5 1 0
673 22 3 1 0
674 36 5 5 0
675 28 2 5 0
677 5 1 5 0
684 47 5 1 1
686 24 1 2 0
689 39 2 1 1
689 45 2 5 0
690 18 5 2 0
690 34 4 4 0
691 35 4 5 0
692 25 3 1 1
696 23 4 3 0
702 46 1 3 1
703 6 4 1 1
703 28 5 2 0
704 42 3 1 0
706 49 1 3 1
711 22 5 3 1
713 10 5 5 0
714 1 2 3 0
714 42 1 4 1
714 33 5 5 0
715 32 3 1 1
716 30 4 3 0
718 17 4 4 0
718 20 4 5 0
719 26 5 5 0
721 53 5 5 1
721 4 3 4 1
722 32 4 5 0
723 15 2 5 1
724 9 4 4 0
725 26 1 1 0
725 2 2 3 0
725 15 2 2 1
727 7 4 4 0
729 15 5 4 1
730 38 4 2 0
731 17 2 4 0
733 16 4 2 0
737 30 2 2 0
737 40 2 5 0
738 19 1 3 1
740 35 2 1 0
741 42 3 3 0
746 6 5 4 1
746 36 4 4 0
747 49 4 1 1
748 25 1 3 0
749 49 1 4 1
750 40 1 3 0
752 52 1 2 0
753 27 2 4 0
754 22 2 2 0
755 45 2 1 1
757 52 4 5 0
758 50 1 5 1
758 4 4 2 1
759 50 3 5 0
763 23 1 4 0
763 14 1 1 0
766 11 5 5 0
768 15 2 5 1
768 53 3 1 0
771 2 4 4 1
771 27 2 2 0
772 24 3 1 0
772 23 4 5 0
773 31 4 1 0
773 20 4 1 1
773 4 2 2 0
775 50 4 5 0
777 23 2 5 0
777 26 5 1 1
778 29 4 1 0
779 21 2 5 0
779 40 3 2 0
779 43 4 5 0
782 10 3 4 0
782 13 1 1 0
784 12 4 2 0
785 7 2 1 0
787 17 1 1 1
787 21 2 2 0
788 38 2 1 0
788 18 2 5 0
789 18 4 5 0
790 33 3 4 0
790 50 3 3 0
792 22 1 4 1
793 45 1 4 1
793 35 3 3 1
798 4 1 4 1
800 25 4 5 1
803 2 3 5 1
806 17 1 4 1
807 8 4 1 0
807 32 4 5 0
808 14 5 5 0
810 34 1 1 1
810 19 2 5 1
811 27 2 3 1
813 7 4 4 1
814 14 3 3 0
821 32 5 4 1
822 36 4 4 0
823 14 4 5 0
824 18 5 5 1
825 38 2 1 1
826 38 2 2 0
826 13 5 1 1
828 29 2 5 0
830 36 5 2 0
830 42 1 3 1
833 34 3 4 1
834 1 3 3 1
838 2 3 3 0
839 36 5 2 0
841 8 5 3 0
842 8 1 2 1
842 34 1 5 1
844 24 4 4 1
848 42 3 3 1
850 38 1 1 0
850 32 3 5 1
851 36 3 2 0
853 51 2 1 0
854 30 5 3 1
854 37 2 4 1
856 26 2 5 0
856 26 1 5 1
856 27 4 5 0
857 10 4 2 0
857 41 1 2 1
858 5 2 1 0
859 19 1 3 0
859 4 2 2 0
860 20 2 5 1
861 29 5 3 0
863 6 3 1 1
866 47 3 3 0
868 24 4 3 0
869 26 2 4 0
872 25 4 2 1
874 45 5 5 0
878 12 4 5 1
879 43 5 2 1
880 40 2 4 1
882 33 3 2 0
883 28 4 4 0
883 29 2 3 0
884 38 2 2 0
887 42 1 4 1
887 24 1 1 1
891 13 3 4 0
891 25 1 4 1
893 26 3 2 0
898 49 1 5 0
900 32 3 1 0
902 31 4 3 0
904 43 5 3 1
904 48 3 1 0
904 16 4 1 1
905 43 5 5 0
908 3 2 4 1
908 22 4 2 0
908 1 4 3 1
908 17 2 3 1
909 11 3 5 0
910 29 4 2 1
915 12 2 1 0
916 9 2 3 0
917 7 4 4 1
918 50 3 1 0
919 45 5 2 0
919 36 2 3 0
920 39 1 3 1
922 48 3 5 0
923 35 2 5 1
929 34 4 4 1
931 1 5 3 1
933 13 1 1 0
934 47 3 1 1
937 10 1 5 1
940 39 5 4 1
945 17 3 2 1
948 48 3 4 0
952 10 5 5 1
953 10 4 5 0
954 48 4 2 1
955 12 5 1 1
958 15 3 2 0
958 49 3 5 1
963 30 2 5 1
964 43 5 3 1
965 35 1 5 1
965 22 3 2 0
968 41 1 1 1
969 18 2 1 1
971 25 3 5 0
972 39 2 5 1
973 40 4 1 0
975 23 1 1 1
978 18 4 2 1
978 31 2 1 0
979 27 1 2 0
981 43 1 2 0
983 14 4 1 0
983 42 4 5 1
983 4 2 1 0
986 36 1 4 0
987 33 1 4 0
991 50 3 5 1
998 24 1 3 1
66 721
2 50 5 2 1
4 6 5 2 0
6 48 1 1 0
6 37 4 5 1
6 30 5 5 1
6 38 3 5 1
7 28 5 5 0
9 15 5 1 1
11 14 2 1 1
11 3 1 2 1
11 19 4 2 1
12 17 4 2 1
14 29 1 3 0
14 47 3 2 0
16 65 3 4 0
18 19 3 3 0
18 16 5 2 1
22 19 3 4 1
23 29 5 4 1
25 36 5 5 1
26 59 3 3 0
26 62 4 5 0
29 65 4 4 0
33 16 2 4 0
36 44 5 4 1
37 44 1 2 0
38 28 4 5 0
40 16 4 2 1
42 42 1 5 0
45 21 4 1 0
48 22 2 3 1
48 44 1 1 1
49 18 5 2 1
50 62 2 1 1
51 60 3 2 1
56 14 4 1 1
60 63 4 4 0
63 12 1 1 1
64 13 3 4 1
68 58 4 2 1
68 27 4 4 1
68 60 5 2 0
69 38 4 5 1
69 30 1 5 1
72 1 3 3 1
72 64 2 2 1
74 30 1 4 0
75 2 3 5 1
77 54 4 2 1
77 54 2 4 0
77 47 1 3 1
82 46 1 1 1
85 21 1 4 1
86 1 5 5 1
88 23 4 2 0
89 45 2 3 1
89 26 1 2 0
93 54 2 5 1
93 41 2 3 1
93 51 2 1 1
95 41 2 1 0
96 53 3 3 0
96 42 4 2 1
97 48 4 3 0
99 59 4 1 1
100 1 4 2 1
100 63 5 1 1
102 42 5 1 0
103 16 5 5 0
106 36 4 1 1
107 41 3 3 1
108 8 2 2 0
108 57 2 5 1
109 15 5 1 1
109 19 1 1 1
109 50 3 5 1
110 6 2 2 0
113 26 2 2 1
116 21 5 1 1
116 47 3 5 0
117 41 4 3 0
119 16 2 3 1
119 11 1 4 1
121 20 4 5 1
121 60 5 5 1
122 56 1 2 1
124 58 3 2 0
128 23 1 4 0
130 7 4 5 1
130 11 4 2 1
131 19 5 5 0
136 36 3 5 0
141 20 4 5 0
142 27 3 2 1
143 23 1 1 0
144 35 4 4 0
144 53 2 5 1
144 66 3 5 0
145 51 5 3 0
146 58 2 2 0
146 34 3 1 0
146 34 5 5 0
146 13 5 4 1
147 4 2 1 1
148 59 3 4 0
148 52 1 4 0
150 27 3 5 0
152 48 4 1 0
153 56 2 4 0
154 16 1 4 0
155 64 2 1 0
156 60 5 3 1
157 65 4 2 1
158 58 3 5 1
159 42 4 4 0
159 7 5 2 0
161 40 5 5 0
164 47 2 1 0
166 13 5 4 1
166 62 2 2 1
166 45 4 2 0
167 22 4 1 0
168 2 3 2 0
171 66 5 4 1
173 55 1 1 1
174 61 1 4 0
175 63 1 2 0
179 56 4 1 0
179 9 4 5 1
183 65 3 5 0
183 27 4 3 0
183 17 5 1 1
184 56 1 1 0
185 13 1 1 1
186 44 5 1 1
190 14 3 5 1
191 58 3 4 1
192 5 5 1 0
194 18 5 4 1
199 9 1 2 1
201 45 4 4 0
203 64 5 4 1
204 26 3 3 1
205 31 4 3 0
206 52 2 2 1
209 13 2 5 1
209 36 4 2 1
214 66 2 4 1
215 18 4 5 0
215 23 1 4 1
216 34 5 3 1
220 65 2 2 0
221 8 4 5 0
221 16 5 3 0
223 55 1 1 1
223 15 1 4 0
223 47 2 3 0
224 47 2 3 1
225 19 4 2 0
225 27 2 2 1
225 40 1 3 0
227 11 1 1 0
229 15 5 3 0
230 8 2 1 1
231 20 2 3 0
232 56 2 3 0
233 30 5 5 1
234 52 3 3 0
234 63 5 1 0
241 44 3 4 1
241 41 4 4 0
242 4 1 3 0
244 44 5 1 1
244 9 5 4 0
245 54 1 5 0
246 18 2 3 0
248 41 1 3 1
250 66 3 3 1
253 65 5 3 1
258 4 3 5 0
259 48 5 1 1
260 34 2 4 0
261 24 2 1 1
261 56 2 5 0
263 62 3 1 1
264 11 4 5 1
266 9 5 3 0
266 58 5 3 0
267 17 2 3 0
268 32 1 4 0
272 14 1 4 0
273 14 4 5 0
274 30 2 3 1
275 43 3 2 0
276 26 1 1 0
279 45 4 1 0
282 10 5 4 0
283 39 4 5 1
284 40 5 1 1
284 19 3 3 0
285 32 3 5 1
285 46 5 5 1
286 37 5 3 1
286 23 3 1 1
287 13 1 3 1
287 18 3 4 0
289 14 2 5 1
290 48 2 1 1
290 2 3 4 0
291 46 2 3 1
292 26 1 5 1
292 31 4 5 0
293 60 5 1 1
293 11 5 2 1
293 39 3 1 0
293 53 3 2 1
295 49 3 3 0
297 14 4 3 0
298 41 1 5 1
300 34 2 3 1
300 13 2 3 1
300 43 4 1 1
301 14 2 3 1
301 46 3 2 0
302 58 3 2 0
303 36 3 1 1
305 29 3 3 0
308 53 4 1 0
308 30 1 2 1
310 47 5 5 1
313 16 2 2 1
314 45 1 2 0
315 64 4 2 1
319 37 1 1 1
324 35 3 4 0
324 28 3 5 1
325 35 3 5 0
325 3 2 5 1
326 18 4 4 1
329 17 2 4 1
329 60 5 4 0
330 56 4 1 0
331 35 2 3 1
334 50 4 2 1
335 13 2 3 0
335 45 3 5 0
336 61 2 5 1
336 25 4 4 0
337 4 3 5 0
337 13 4 3 1
337 26 1 4 0
341 62 3 2 1
342 21 4 5 0
343 25 4 3 0
344 28 3 5 0
348 64 4 4 1
349 58 2 2 0
351 46 2 1 1
353 37 5 4 0
356 41 3 1 0
356 40 2 4 1
356 14 4 5 1
357 55 2 2 1
360 1 3 1 0
360 17 2 1 1
361 17 3 4 1
361 42 3 1 1
364 12 5 1 0
365 63 1 5 0
365 9 1 3 1
367 50 5 5 1
369 14 1 3 0
369 59 3 3 0
369 14 3 2 1
371 58 5 3 1
371 18 5 2 0
373 7 1 2 1
373 62 2 2 0
374 42 5 5 1
379 22 1 5 1
379 16 1 1 1
380 50 2 5 1
380 23 4 5 1
381 20 3 2 1
383 53 2 1 0
386 62 3 3 1
387 6 2 3 0
387 40 4 2 0
390 32 4 2 0
391 9 1 3 0
393 59 4 2 0
394 2 1 4 0
395 56 1 5 0
396 55 5 4 1
398 65 2 3 0
399 16 2 1 1
401 36 3 3 1
401 58 5 2 0
403 62 4 5 0
404 54 1 2 0
405 39 5 5 1
407 21 4 4 1
408 54 3 3 1
408 31 1 1 0
410 40 3 5 1
411 3 4 5 1
413 4 3 4 1
414 18 1 1 0
415 14 4 4 1
423 34 5 4 1
423 53 1 2 1
424 65 3 1 0
425 17 3 3 0
426 36 2 2 1
427 61 4 2 1
440 20 5 2 0
443 24 5 1 1
444 50 5 2 1
444 11 1 5 0
447 49 5 2 1
447 49 2 1 0
449 17 2 5 0
450 21 2 2 1
450 55 3 3 0
450 10 3 1 1
451 47 2 4 0
457 45 1 1 0
457 2 4 4 1
458 5 1 5 0
460 8 3 3 1
460 11 3 2 1
461 47 2 1 1
462 39 5 3 1
462 54 2 2 1
463 4 1 2 0
464 7 4 1 1
464 50 3 1 0
465 17 2 2 0
468 8 1 1 1
470 32 3 2 1
473 47 4 4 0
474 32 4 4 0
476 21 2 4 0
477 44 1 3 1
483 16 4 3 0
483 55 4 2 0
483 48 3 2 1
483 9 2 3 1
483 24 2 3 0
486 57 2 3 1
489 53 2 5 0
489 2 2 1 0
490 64 3 5 1
490 12 4 2 1
491 61 2 2 0
492 60 3 1 0
493 36 4 1 1
497 49 3 3 1
497 64 5 2 0
498 44 1 3 1
499 21 5 3 0
499 27 5 3 1
500 62 3 4 0
501 17 4 1 0
505 45 5 4 0
509 15 2 3 1
510 49 3 3 1
510 65 1 4 0
517 57 1 2 1
517 55 3 5 1
522 62 2 1 0
524 1 2 2 0
525 16 2 2 0
527 44 2 4 0
530 13 2 1 0
532 24 1 3 1
533 2 1 1 1
534 33 5 1 1
537 37 2 4 0
537 30 1 4 1
538 23 3 4 0
539 35 1 1 0
539 50 2 1 0
542 2 5 5 1
545 11 2 5 1
546 3 4 4 0
546 30 3 1 0
548 28 5 1 0
550 50 4 4 1
551 18 5 1 0
552 22 4 3 0
552 42 1 2 1
554 62 4 2 1
554 52 1 3 1
557 16 1 2 1
559 41 4 1 0
559 51 3 4 1
561 2 5 5 1
562 20 4 3 1
565 43 5 4 0
566 30 1 2 0
567 44 3 4 0
567 43 2 2 1
567 39 4 1 0
572 57 3 2 1
573 56 2 3 1
573 20 4 2 1
573 66 2 4 1
573 31 3 2 0
574 23 5 5 1
574 24 5 5 0
575 56 5 1 0
575 44 3 2 0
583 43 1 2 1
583 37 1 5 1
585 31 2 2 1
585 57 3 2 1
587 58 5 5 1
589 48 5 4 1
589 60 4 4 1
592 33 5 3 1
592 52 3 3 0
593 45 1 1 0
593 55 4 3 0
595 33 1 1 1
595 48 1 4 0
597 16 4 3 1
598 38 3 1 0
598 54 2 3 1
598 22 1 5 1
600 6 1 1 0
602 12 5 1 1
603 33 4 5 0
607 5 1 4 1
608 60 1 5 0
610 57 1 4 1
611 36 2 5 1
611 22 1 3 1
611 30 4 2 0
612 61 5 5 1
614 1 2 1 0
614 10 5 5 0
616 11 2 1 1
616 51 4 2 0
617 20 2 5 1
618 58 2 5 1
618 26 4 1 1
619 12 3 4 0
619 47 5 3 0
619 60 3 1 1
620 63 1 1 1
623 3 4 3 1
623 26 4 1 0
623 21 5 4 0
624 27 1 1 1
624 52 3 3 0
626 4 3 2 0
626 33 5 3 0
627 62 5 5 0
629 1 5 4 1
631 39 2 5 1
631 35 3 1 0
634 19 2 1 1
634 36 5 2 1
635 35 5 3 0
635 23 1 3 0
636 61 2 2 1
637 26 3 1 1
637 65 3 1 0
638 38 3 2 0
640 3 3 2 1
640 15 5 4 1
641 23 1 3 1
644 49 1 5 0
644 5 3 2 1
646 15 5 2 0
648 4 5 5 1
650 28 5 1 0
652 42 4 4 1
652 44 3 5 0
652 32 1 2 0
653 21 3 2 1
656 37 3 2 1
658 1 4 1 0
659 23 4 1 1
659 17 2 5 0
661 56 2 5 0
661 60 1 2 1
661 28 1 5 0
661 30 4 4 1
661 58 4 4 0
662 5 2 1 1
663 19 2 3 1
665 49 4 3 1
669 6 4 2 0
669 58 1 2 0
669 16 4 1 1
672 63 1 1 1
672 6 1 2 1
672 25 1 4 1
674 3 2 3 1
674 35 4 3 1
674 35 1 5 1
675 1 2 4 0
680 8 1 1 0
680 12 3 2 0
682 8 1 3 1
682 27 2 2 0
682 32 1 1 0
687 51 3 2 0
688 14 5 1 0
688 33 1 3 1
691 48 1 2 1
692 63 2 2 1
697 7 1 2 0
697 14 3 1 0
698 11 2 1 1
700 64 4 5 1
700 15 1 1 0
701 11 2 3 1
702 3 5 1 0
702 56 3 1 1
703 35 4 1 1
704 53 3 3 1
704 40 3 2 1
704 35 2 1 0
705 5 5 4 0
707 39 3 3 0
709 58 4 4 0
710 23 1 2 0
711 21 2 3 1
712 31 2 2 0
714 52 5 2 1
716 56 2 2 0
717 4 4 5 0
722 10 2 1 1
724 41 4 3 0
729 32 3 2 0
731 48 4 4 1
732 36 2 2 1
732 64 4 3 0
732 5 2 4 0
734 11 2 4 0
734 45 1 2 0
734 40 1 1 1
734 26 3 1 1
735 52 4 3 1
735 38 5 1 1
738 53 5 4 0
738 4 1 4 1
738 65 2 3 1
739 34 1 3 0
740 2 3 5 1
741 65 3 4 0
742 35 1 2 0
744 57 5 4 0
744 56 2 4 0
745 30 2 1 0
749 23 2 3 0
749 59 5 3 1
749 59 1 3 1
750 20 3 5 0
753 58 5 5 1
753 26 4 2 0
755 64 2 2 0
758 55 2 4 0
758 1 5 1 1
764 37 4 5 0
765 10 5 2 0
765 34 1 3 1
766 49 5 5 0
769 15 2 3 1
770 31 5 2 0
771 61 4 3 1
773 57 3 5 0
774 13 5 4 1
774 63 3 1 0
777 9 3 3 1
779 2 2 2 1
781 25 2 2 0
781 48 4 5 0
781 64 2 4 0
782 2 1 2 0
783 18 5 2 1
785 53 2 1 1
786 20 1 4 1
787 59 5 3 1
787 42 1 1 1
790 45 5 3 0
792 61 3 3 0
795 17 4 5 0
795 57 3 5 1
796 41 3 1 1
797 27 4 3 1
797 23 4 3 0
800 65 4 3 1
802 63 3 3 0
803 8 3 2 0
805 25 4 2 1
807 66 5 5 0
808 43 4 1 1
810 32 5 2 0
813 51 5 5 1
814 66 5 4 1
815 8 5 3 0
817 8 1 5 1
818 49 5 5 1
821 42 5 4 1
822 34 3 4 0
823 61 3 2 0
824 7 1 4 0
824 7 1 1 1
825 34 4 4 0
825 45 1 2 0
827 51 1 3 0
828 3 3 1 0
829 63 5 4 1
834 2 5 4 0
835 24 2 2 0
837 51 5 3 0
838 39 4 5 0
838 36 4 5 0
839 53 3 5 0
840 2 4 3 0
841 45 2 5 1
841 6 3 4 1
843 3 1 5 0
844 20 2 2 0
845 52 2 1 0
847 18 3 1 0
847 8 3 5 0
849 33 1 3 0
849 25 3 2 1
853 44 4 3 0
862 4 3 1 0
864 38 5 4 1
866 36 2 1 1
868 39 3 3 1
869 25 4 5 1
871 29 3 5 0
871 50 1 1 0
871 25 3 5 0
873 53 3 2 0
874 32 3 2 1
876 34 5 1 1
877 29 2 5 1
878 39 5 2 1
878 3 1 2 1
880 20 5 5 0
881 50 1 1 1
883 4 5 1 1
883 31 1 4 1
884 43 3 1 1
889 4 2 1 0
891 12 3 3 0
892 52 4 3 0
893 37 3 5 1
896 20 2 5 0
897 36 5 3 1
899 1 4 4 1
900 20 4 4 0
902 43 5 4 0
903 16 4 3 0
907 32 5 4 1
908 36 2 2 0
908 63 1 2 1
909 9 2 2 0
912 48 1 5 0
913 5 3 2 1
914 50 3 1 1
915 50 3 4 1
921 40 1 3 0
922 53 2 5 1
922 35 5 4 0
922 35 5 5 1
923 40 3 2 0
924 48 1 5 1
928 38 4 5 1
929 21 1 5 0
931 19 3 5 0
932 50 2 4 1
933 22 1 2 0
935 61 3 5 1
936 53 3 3 0
936 54 4 3 0
937 20 2 5 1
938 11 5 4 0
938 49 4 3 1
940 57 2 5 1
940 15 2 5 1
940 46 1 3 1
944 1 3 4 1
944 49 4 1 1
944 57 4 1 1
950 49 4 2 1
950 21 5 5 1
952 37 5 4 1
954 26 4 5 1
956 65 3 2 0
956 2 2 5 0
960 1 1 3 1
964 9 4 2 0
966 39 4 1 0
966 43 2 3 0
966 3 3 3 1
968 60 3 3 0
972 12 5 1 0
973 26 2 4 1
973 55 3 1 0
975 5 5 2 1
977 12 4 3 1
981 17 5 4 1
984 63 5 3 1
984 50 4 5 0
989 13 4 2 0
991 51 3 3 0
994 44 3 3 0
995 66 3 3 1
995 22 1 4 1
996 57 3 2 0
999 61 4 5 0
71 538
13 49 1 2 0
13 27 3 3 1
16 35 3 5 0
17 4 2 2 0
17 41 4 3 1
19 40 5 2 0
19 14 3 4 1
24 68 3 5 1
24 39 4 5 1
27 21 3 5 1
28 7 4 1 1
29 48 4 1 0
31 65 2 4 0
36 4 2 3 0
38 14 2 1 1
42 44 2 5 0
43 31 2 1 0
44 39 4 5 0
45 30 5 2 0
45 40 2 3 1
46 71 4 4 0
47 5 2 1 0
47 9 4 4 0
49 1 3 3 0
51 13 1 2 1
54 60 5 1 1
54 52 2 4 0
56 11 5 4 1
56 21 4 1 1
61 65 4 4 0
62 28 2 1 1
67 38 1 4 0
68 39 4 1 1
68 65 1 5 1
71 10 4 5 0
75 68 4 1 0
75 11 1 4 0
75 35 2 2 1
78 53 1 4 0
78 33 3 4 1
82 5 4 5 1
84 60 5 1 1
84 57 5 2 1
87 27 3 4 0
90 60 4 5 0
95 69 3 5 1
96 4 1 1 0
97 55 5 3 0
99 20 2 4 0
102 18 4 5 0
103 53 4 1 0
105 2 1 3 1
108 30 4 3 0
110 35 1 5 0
111 14 5 5 1
116 8 5 1 1
117 12 5 2 1
118 36 5 5 1
121 6 2 3 1
122 40 3 3 0
125 14 1 1 0
125 40 1 4 0
130 46 1 3 0
134 36 4 1 1
136 8 4 5 1
136 24 1 1 1
137 68 1 4 0
137 36 5 3 1
138 44 2 4 0
138 27 3 2 1
141 28 2 4 1
143 2 2 3 0
144 35 4 5 1
144 32 1 5 1
145 21 5 4 1
148 49 4 1 0
149 42 4 3 0
151 8 1 4 0
152 39 1 2 1
153 69 5 5 0
155 22 2 3 0
158 48 5 1 0
159 37 3 1 0
159 19 2 4 1
159 7 4 2 0
159 6 5 3 0
160 22 4 2 1
162 50 5 5 0
165 13 2 1 1
166 25 3 2 1
166 24 4 4 0
168 34 5 5 1
169 43 4 5 1
169 61 2 5 1
171 52 2 2 0
172 38 2 5 0
174 71 2 4 1
175 19 1 3 0
178 26 5 4 1
180 19 2 3 1
182 11 5 5 1
186 40 4 5 1
189 16 5 5 0
190 42 2 3 1
191 59 1 3 0
191 42 5 3 0
192 55 2 5 1
193 37 3 3 0
193 29 1 1 1
194 69 5 1 1
196 51 4 4 0
197 42 3 5 1
199 43 3 4 1
202 36 1 1 0
202 24 1 2 0
202 49 4 1 0
203 40 2 4 1
206 14 4 4 0
206 45 2 5 1
211 32 5 1 0
215 15 4 5 1
215 47 4 3 1
216 31 3 4 1
220 67 2 3 1
221 23 2 5 1
221 12 1 1 1
222 23 1 1 0
222 46 4 5 1
227 5 2 5 1
228 48 1 1 1
228 3 2 2 0
229 58 3 1 1
231 63 3 2 0
234 9 4 3 1
236 34 3 2 0
238 33 4 3 0
239 61 2 3 0
246 54 4 4 0
248 4 4 3 1
250 31 5 1 1
252 41 4 1 1
255 69 5 5 0
259 29 4 1 0
259 68 3 3 1
260 44 2 2 0
260 6 3 5 1
262 37 1 5 1
263 17 1 2 1
263 33 1 3 1
264 50 2 5 0
265 22 5 3 0
265 64 5 2 1
267 4 3 2 0
273 65 4 3 1
274 70 2 2 0
274 14 2 4 0
277 27 1 5 1
283 67 3 1 1
285 49 5 4 0
292 33 2 2 0
293 24 2 4 0
294 61 2 5 0
294 1 1 4 1
297 47 4 1 1
298 70 5 4 0
302 29 4 3 1
306 66 1 2 1
307 19 4 4 1
308 36 5 5 1
308 13 1 2 1
310 63 2 5 1
313 21 3 1 0
314 13 3 5 0
314 49 1 3 1
315 11 1 2 0
316 41 2 2 1
316 61 5 2 1
317 9 3 3 1
328 27 3 4 0
330 7 4 1 1
330 26 2 5 1
330 57 2 1 0
332 3 4 3 0
332 59 2 3 1
335 53 5 4 1
336 23 1 1 0
337 44 5 3 0
339 25 5 2 0
341 61 5 1 1
342 32 1 5 0
345 58 2 4 0
345 1 3 1 0
345 21 4 4 0
345 54 1 4 0
346 44 2 5 1
352 51 1 1 0
355 8 5 1 1
359 66 1 3 1
362 64 5 4 1
381 69 4 4 0
382 25 4 1 1
387 46 2 3 0
394 11 2 1 0
396 55 3 2 1
400 64 1 2 0
400 12 5 5 1
401 38 3 4 1
403 44 3 4 1
403 30 5 3 0
405 24 4 5 0
410 20 2 2 1
414 51 4 5 0
415 56 4 2 0
418 7 4 1 1
419 14 1 3 0
420 70 3 5 0
423 29 5 1 0
424 38 2 2 1
424 6 4 3 1
425 3 5 1 1
425 55 4 1 0
431 35 2 3 1
433 1 5 2 1
433 55 5 4 1
433 23 1 3 0
438 44 1 3 1
440 14 4 5 1
440 65 3 2 0
442 48 1 2 1
448 46 3 3 0
449 15 5 3 0
451 4 5 5 1
454 58 5 2 1
458 64 3 2 0
467 11 3 2 0
468 24 2 2 0
468 51 2 5 1
468 36 1 2 0
469 51 3 5 0
469 8 4 1 0
471 32 4 4 1
471 53 4 2 1
471 19 4 2 0
474 4 4 3 1
477 71 1 5 0
479 39 3 2 1
486 70 1 5 0
488 53 2 5 0
489 56 1 5 1
489 12 2 3 0
490 50 1 3 0
490 53 3 5 1
493 42 1 2 1
493 12 4 3 0
494 15 4 5 0
494 29 5 5 1
494 12 5 1 1
496 16 4 5 1
497 38 5 1 0
498 50 5 4 1
498 22 3 3 0
499 7 1 3 1
500 43 4 3 1
504 26 1 1 0
506 66 5 2 0
507 70 5 2 0
507 71 1 4 0
510 13 2 1 1
517 53 1 4 0
518 23 3 2 0
522 71 2 1 0
524 49 3 5 0
525 19 1 5 0
526 34 5 5 0
526 31 2 1 0
527 54 3 2 1
529 50 4 2 0
530 18 4 3 1
530 19 4 2 0
532 35 2 3 0
533 11 3 5 1
533 28 4 2 1
536 29 4 3 0
537 13 5 1 1
538 10 3 3 1
539 48 2 5 0
539 36 5 2 0
541 69 1 3 0
541 60 1 2 0
545 53 2 5 0
549 51 1 3 1
550 35 1 4 0
551 24 5 3 0
555 13 1 4 0
556 8 5 1 0
558 4 4 2 0
560 39 3 1 1
562 15 4 3 1
563 68 1 4 1
565 62 1 5 1
567 52 2 5 1
571 10 1 4 1
573 32 3 5 0
573 70 2 3 1
575 4 3 1 1
575 53 2 1 1
577 63 3 2 0
583 55 4 4 0
584 42 3 5 1
585 40 3 1 0
587 32 3 4 0
588 61 4 4 1
591 10 4 3 0
591 13 2 3 1
591 20 2 1 1
592 5 5 4 1
593 20 4 4 0
594 2 4 5 0
597 70 1 4 1
597 61 5 4 0
609 32 1 2 0
610 15 2 4 1
612 58 5 2 1
614 54 2 5 0
618 7 3 2 1
618 15 3 4 0
621 14 4 3 1
622 67 1 1 0
622 36 4 5 0
622 27 2 3 0
623 70 4 4 0
624 15 1 1 0
625 12 1 2 0
625 62 5 3 1
627 7 1 1 1
628 53 2 3 0
630 3 5 1 1
631 6 1 4 1
632 16 4 2 0
636 29 1 3 0
638 37 3 4 1
640 51 4 3 0
645 34 4 1 0
648 29 3 2 1
649 17 3 2 1
649 29 2 4 1
653 14 3 5 1
654 8 3 4 1
656 71 2 1 1
656 25 2 1 0
657 51 2 1 1
660 22 5 3 1
663 67 4 4 1
664 17 5 1 0
665 11 4 5 0
665 67 3 4 0
668 21 4 1 1
670 27 3 2 1
671 70 2 4 1
671 9 5 3 0
675 3 1 4 1
676 18 1 5 1
676 41 1 1 1
677 18 5 4 1
677 47 5 4 1
681 64 2 4 1
684 23 5 5 1
685 7 2 3 0
695 30 4 1 1
703 17 1 1 0
706 41 5 5 0
707 40 2 2 1
708 56 3 4 1
708 30 2 2 1
708 28 3 4 1
710 34 2 2 0
716 60 2 1 0
719 11 3 2 1
723 15 3 5 0
724 9 1 1 1
724 45 3 4 1
726 34 1 5 1
727 22 1 2 0
730 56 1 2 1
730 38 2 4 1
732 21 4 3 0
732 41 3 3 1
734 22 2 3 1
734 22 4 2 0
735 47 5 1 1
737 17 1 4 0
737 54 3 3 0
745 28 3 5 1
752 57 5 5 1
752 24 5 1 1
754 32 3 1 1
756 65 3 1 0
756 45 5 5 1
768 6 2 5 1
768 13 4 4 0
768 36 5 4 1
770 30 3 1 0
772 62 5 2 1
773 43 1 3 0
774 43 3 5 1
775 7 1 5 0
776 45 3 1 1
779 22 5 1 0
779 27 4 1 0
781 36 2 1 1
782 56 5 5 0
785 20 3 4 1
785 13 3 5 0
785 35 2 4 1
786 36 4 5 1
788 5 4 5 1
790 53 3 2 1
791 1 1 5 1
791 63 2 3 1
793 5 4 3 1
793 30 1 4 1
794 36 1 4 1
799 17 1 1 1
807 37 3 4 1
810 47 1 5 0
812 47 3 4 1
812 43 5 5 0
818 59 4 1 1
819 53 2 4 1
820 34 2 4 1
821 37 1 4 0
823 8 3 1 1
823 25 3 3 1
823 42 5 3 1
824 62 2 5 0
826 10 3 1 1
828 26 3 4 1
830 12 2 4 0
831 64 4 5 0
832 9 2 2 0
832 57 5 4 1
833 23 2 5 0
835 5 2 3 1
838 19 1 1 0
840 29 1 4 0
845 63 3 4 0
845 51 5 4 0
846 11 4 3 0
847 9 3 1 1
849 8 3 1 1
850 61 4 1 0
855 69 4 3 0
857 3 2 4 0
858 16 5 2 1
861 7 4 3 1
863 7 5 5 0
865 53 4 3 0
867 61 3 3 1
868 25 2 1 1
870 26 2 4 0
873 11 3 4 1
877 50 5 4 1
880 8 3 1 1
880 18 5 1 0
882 33 4 5 0
883 70 3 4 0
886 16 5 3 0
886 36 5 4 0
891 20 2 3 1
895 68 1 5 0
895 18 2 1 1
902 41 5 1 0
907 12 5 3 0
909 50 5 2 0
910 19 2 2 0
911 46 2 1 0
912 48 4 3 1
914 3 4 3 0
915 26 1 1 1
916 60 5 5 1
918 2 5 4 0
921 19 5 3 1
922 70 2 5 0
928 34 2 3 1
930 71 3 1 0
931 26 3 3 0
932 26 3 2 1
934 32 3 2 0
934 67 2 1 0
935 44 4 1 0
935 62 4 3 0
938 27 2 2 0
941 62 4 2 0
941 56 4 1 1
941 41 5 2 1
942 51 5 1 1
943 14 5 5 0
944 46 2 2 0
945 68 1 2 0
945 11 5 4 0
945 45 5 4 0
947 69 3 2 0
950 21 5 5 1
950 66 2 3 0
950 52 1 2 1
955 71 1 1 1
957 57 2 1 1
957 64 2 3 1
958 18 2 2 1
958 62 2 1 1
962 66 2 1 1
965 44 2 3 0
966 34 5 3 0
966 52 1 3 1
967 68 2 1 0
968 57 2 2 1
970 65 3 1 1
973 13 4 3 1
974 2 1 1 1
974 52 2 5 1
974 9 3 2 1
975 67 3 1 1
976 43 4 5 0
978 12 3 3 1
978 51 1 1 0
979 69 4 1 1
980 1 5 2 0
981 33 3 3 0
990 31 4 4 1
991 55 4 4 1
993 49 3 2 0
994 51 5 5 0
994 14 1 2 0
995 55 1 3 0
996 6 5 2 0
998 71 4 5 1
998 51 2 1 0
999 52 4 5 1
82 601
1 26 1 5 1
1 17 2 1 0
2 51 1 4 1
5 48 2 4 0
8 30 4 2 0
8 9 3 1 0
9 20 2 5 1
12 20 3 3 1
13 57 4 4 1
13 10 2 5 1
16 24 2 3 1
18 81 3 1 1
21 8 4 2 1
22 60 1 1 1
23 2 5 5 1
23 38 4 4 0
24 2 2 2 1
24 54 5 4 1
27 41 1 1 0
27 17 5 4 1
28 24 5 5 0
28 26 3 3 1
29 10 3 1 0
34 60 4 4 0
35 69 1 3 0
38 68 3 1 0
40 37 3 1 0
40 4 5 4 1
41 63 1 5 0
43 18 4 1 0
45 71 1 3 1
48 9 3 4 1
49 14 2 4 1
50 43 5 2 1
52 3 1 4 1
53 56 4 4 1
53 52 1 1 0
54 23 1 2 0
55 10 4 4 0
56 57 3 5 0
59 76 2 2 1
61 5 3 2 0
61 3 5 3 1
64 45 3 5 0
65 42 2 2 1
67 1 4 5 1
67 27 2 2 0
68 64 1 1 0
70 32 2 5 1
70 12 3 3 1
74 9 4 3 0
74 62 5 4 1
78 10 4 3 0
79 63 4 3 0
80 70 3 4 0
83 52 5 3 0
84 58 3 4 1
84 39 4 5 1
86 56 3 3 0
87 31 3 1 1
88 69 2 2 1
91 16 4 1 1
94 58 3 3 1
95 29 1 3 0
95 10 5 2 1
96 67 5 3 0
97 74 4 3 1
97 40 3 3 1
98 55 3 4 1
100 72 3 5 1
102 59 3 1 0
102 45 3 5 1
102 48 1 1 1
104 10 4 2 0
109 9 5 5 1
112 16 2 1 1
114 71 3 2 1
120 47 4 2 0
122 7 1 4 1
125 5 3 5 0
125 66 1 3 0
126 20 3 2 0
127 75 2 5 1
128 53 1 2 0
129 20 4 1 0
133 45 4 2 0
136 49 1 2 1
138 80 5 5 1
140 72 4 4 0
140 21 1 5 0
142 4 2 4 0
143 10 5 4 1
143 1 5 2 0
143 36 1 2 0
144 79 2 3 1
147 58 1 3 1
147 36 3 2 1
148 73 3 5 0
150 33 3 5 0
150 48 2 5 1
152 81 5 5 0
152 67 3 2 1
155 1 4 2 1
158 39 1 3 1
161 67 3 2 0
164 2 5 1 0
165 13 2 2 0
168 55 4 4 1
170 26 3 3 0
170 49 2 4 0
172 57 4 1 0
173 26 1 5 1
175 73 3 1 0
177 25 3 5 1
179 3 4 5 1
180 19 4 3 0
180 9 4 5 0
181 9 1 4 1
183 36 5 3 0
183 41 4 1 0
185 24 4 3 1
191 12 5 1 0
191 82 2 2 1
192 19 1 1 0
197 43 2 2 1
199 55 1 1 0
199 10 3 5 1
200 47 1 3 1
200 74 1 1 1
201 14 5 3 1
204 21 3 1 0
205 55 1 3 1
205 9 2 3 1
206 81 1 1 1
206 5 4 1 0
206 63 2 1 1
207 5 3 4 0
208 42 2 4 0
211 28 2 2 0
212 72 3 2 1
213 30 5 2 1
214 39 4 5 1
214 23 4 5 1
214 62 5 3 1
215 49 2 4 1
220 70 4 3 0
220 24 1 5 1
221 48 1 1 1
222 55 3 4 0
224 42 1 3 1
225 50 3 3 0
228 22 2 1 0
229 8 2 4 0
230 54 3 5 0
230 19 1 2 0
232 64 5 1 0
232 74 3 4 0
236 28 1 1 1
237 12 2 5 1
237 40 2 5 1
238 55 2 2 0
238 26 1 3 1
240 64 3 5 0
241 78 5 5 0
245 33 1 5 0
248 7 4 2 1
248 68 4 5 0
251 51 1 1 0
254 33 5 5 1
255 49 1 4 0
260 64 2 4 1
261 60 3 1 0
263 3 5 2 1
263 70 3 2 1
265 18 4 2 0
266 7 1 3 0
267 8 1 3 0
275 19 3 2 0
276 43 3 3 1
276 16 2 3 1
276 76 5 2 0
278 64 2 5 0
280 81 4 4 0
280 68 4 5 1
281 79 1 1 0
283 37 2 5 0
283 29 1 3 0
283 23 5 4 1
285 43 4 3 0
286 77 1 4 0
286 52 3 4 1
287 78 5 4 1
292 55 5 1 0
292 29 2 2 0
294 46 1 5 1
294 18 5 4 1
295 44 3 4 0
295 1 1 1 0
297 69 4 4 0
300 42 3 2 1
300 66 3 2 1
302 16 4 3 1
304 42 1 2 0
304 37 2 2 0
305 77 3 2 1
306 21 2 3 0
309 36 1 3 1
309 53 5 4 0
309 5 2 3 0
310 32 4 2 1
313 47 1 3 0
316 47 1 4 0
318 65 5 1 1
325 71 4 1 1
329 43 4 3 0
329 28 4 5 1
336 48 1 4 1
338 55 2 4 1
341 12 3 4 0
346 12 1 3 0
347 11 2 5 1
348 37 4 3 0
349 62 2 3 0
350 80 5 4 1
350 64 2 5 0
361 73 1 1 1
365 25 5 1 0
365 61 1 5 0
366 80 4 3 0
367 46 5 1 0
371 56 4 5 1
374 79 5 3 1
375 4 3 2 1
378 25 5 3 0
378 63 5 3 1
379 30 3 5 1
380 69 2 2 0
382 49 5 1 0
382 52 2 1 1
383 57 1 4 0
384 48 3 5 0
384 18 3 2 1
384 9 5 1 1
387 62 4 3 1
388 18 4 2 0
388 21 3 3 0
391 37 4 4 0
392 22 1 3 0
394 23 3 1 0
396 37 1 3 0
396 51 5 2 0
398 28 4 2 0
399 4 3 1 1
400 70 4 5 0
402 68 4 4 0
404 41 5 1 0
404 40 5 3 0
405 53 2 1 0
405 33 1 4 0
407 1 1 1 0
408 41 3 1 0
412 26 3 4 1
413 8 3 5 1
413 18 1 3 1
413 55 3 5 1
417 25 3 4 1
417 71 3 4 1
424 74 1 3 1
427 71 5 5 1
429 75 3 2 0
430 28 4 5 0
430 37 3 3 1
434 63 5 5 1
434 50 1 5 0
435 41 5 1 0
437 54 2 2 0
438 36 1 1 0
439 33 4 5 0
439 16 5 4 1
439 39 3 2 1
441 21 2 1 1
445 82 4 3 0
446 78 3 5 1
446 62 1 2 1
449 4 5 5 1
451 47 2 5 0
453 26 3 4 0
455 41 5 1 0
458 15 4 5 0
458 46 3 4 0
459 3 1 4 1
459 2 4 5 0
461 82 3 3 0
462 24 4 3 1
466 36 5 2 1
468 76 4 2 0
469 48 2 5 1
470 34 2 1 1
472 54 3 3 1
473 48 3 1 1
475 44 5 4 1
475 35 5 4 1
477 64 3 5 0
477 40 5 4 0
479 27 2 4 1
480 25 3 5 1
482 24 4 5 0
486 35 4 4 1
487 4 1 4 0
491 48 1 4 0
493 29 4 3 0
499 71 4 4 1
502 67 4 5 0
503 31 1 2 0
505 82 2 3 1
508 66 2 4 0
509 61 4 3 0
511 44 2 1 1
513 47 3 5 1
514 13 3 1 0
514 37 2 4 0
515 43 1 1 0
516 49 1 3 0
519 61 4 3 1
521 36 5 4 1
522 54 5 2 0
522 10 3 3 1
523 82 3 1 0
526 17 2 1 1
527 29 3 2 1
528 9 5 2 1
528 63 3 2 1
532 72 5 4 1
532 47 1 2 1
535 19 4 1 0
537 77 2 3 0
538 65 3 2 0
539 5 2 3 1
540 54 1 3 0
545 11 3 4 1
545 54 2 2 0
549 71 1 5 1
549 79 5 5 0
550 38 3 3 1
551 75 5 3 1
551 65 4 5 0
554 70 5 2 0
557 52 4 2 0
561 60 5 4 0
561 16 1 2 0
569 67 4 3 1
569 27 4 1 1
570 9 1 5 1
571 2 2 2 0
571 13 5 1 0
571 59 5 3 0
574 77 3 5 1
575 52 1 2 1
578 3 1 2 0
579 34 1 2 0
581 46 3 4 1
581 69 3 2 1
582 57 3 4 0
585 57 4 1 0
586 73 5 5 0
588 58 3 3 1
592 39 5 4 0
592 7 5 4 1
594 9 3 2 1
594 34 1 5 0
596 79 4 4 0
597 77 5 1 0
597 69 3 3 0
599 8 3 1 1
601 72 2 5 1
601 47 5 2 1
602 62 5 2 0
604 62 3 4 0
606 38 2 5 1
606 49 2 5 0
606 48 5 3 1
607 33 3 1 0
608 6 4 4 1
610 73 3 5 0
610 24 5 2 0
611 21 3 3 0
611 58 2 5 1
612 5 2 1 0
613 73 5 2 0
616 9 2 5 1
617 5 5 4 1
620 34 1 3 0
620 55 5 1 0
620 18 3 4 1
621 46 2 5 0
621 78 4 1 1
623 19 5 4 0
623 19 2 1 1
624 27 2 4 0
630 75 5 5 1
632 79 3 2 0
632 54 3 4 1
635 27 3 2 1
636 79 2 5 0
637 23 1 3 0
639 59 2 2 1
642 40 3 2 1
643 13 2 4 0
648 32 5 2 1
649 38 2 4 1
650 28 2 1 0
652 18 5 2 1
654 41 2 1 1
654 6 1 4 0
655 65 3 4 1
656 79 5 4 1
657 55 4 5 0
660 71 2 4 0
661 6 4 1 0
661 30 4 5 1
665 11 3 5 1
666 7 5 2 1
667 53 1 5 1
667 42 1 3 1
668 46 5 5 1
669 1 3 4 0
671 17 1 4 0
674 69 3 3 1
677 41 1 3 0
679 72 2 5 1
680 37 4 3 0
683 56 4 2 0
683 19 4 2 1
687 7 4 3 1
689 80 2 4 0
691 51 5 5 1
692 8 3 5 1
692 32 4 3 1
694 35 4 1 1
699 39 5 1 1
699 81 2 4 0
700 3 5 4 1
701 59 2 2 0
703 5 5 2 1
705 40 3 5 1
706 82 1 3 0
707 67 3 2 0
711 41 2 3 1
712 39 4 1 0
719 79 2 5 1
720 33 2 2 0
723 35 4 5 1
725 78 1 5 1
725 2 4 5 1
730 72 1 3 1
735 34 5 1 1
742 15 5 3 0
744 69 5 2 1
746 57 4 4 0
747 67 4 4 1
748 40 1 5 1
748 70 2 1 0
748 77 4 4 0
752 10 3 4 0
758 63 2 2 1
758 77 2 1 1
761 13 5 2 0
762 61 4 5 1
765 1 1 1 1
765 21 5 5 1
766 35 2 3 0
771 38 4 2 0
772 18 4 5 1
774 81 4 2 1
775 62 4 3 1
775 78 5 3 1
776 22 5 1 0
776 59 3 1 0
778 7 2 3 1
780 7 2 4 1
781 36 4 4 0
786 55 4 4 1
789 24 4 4 1
789 63 4 3 0
790 15 2 2 0
790 68 1 5 0
790 80 4 3 0
791 17 5 3 0
793 63 3 1 1
796 55 1 3 1
798 26 3 3 1
801 70 2 5 0
803 20 2 3 0
808 29 4 1 1
808 58 3 2 0
810 29 1 3 1
812 9 1 1 0
814 23 2 3 1
817 24 2 1 1
817 65 2 3 0
818 7 2 3 0
820 7 2 4 0
822 76 1 4 0
823 67 5 2 1
826 29 4 2 0
827 56 5 1 0
828 74 5 5 1
829 80 1 4 1
830 78 5 2 1
830 20 1 1 0
830 51 5 1 1
831 52 2 1 0
833 52 2 2 0
834 50 4 3 0
845 76 3 4 1
846 16 3 3 1
846 68 1 2 0
850 77 4 5 0
850 60 2 5 1
850 43 5 4 1
852 11 1 4 1
860 22 2 3 1
863 16 5 3 1
863 10 5 3 1
865 1 1 1 0
866 64 1 2 0
867 80 4 2 1
868 30 2 5 1
869 66 1 4 1
870 4 2 5 1
873 13 3 3 1
875 6 1 2 1
880 67 1 2 1
880 54 3 5 1
882 17 4 5 1
884 4 4 3 1
887 72 5 5 0
892 82 5 4 0
894 33 1 3 0
899 49 5 5 1
909 38 5 2 1
911 58 1 5 1
911 64 2 2 1
914 2 5 4 0
914 65 3 4 1
916 21 1 4 1
921 71 1 1 1
922 19 4 5 1
922 26 2 2 1
922 26 1 3 0
923 39 3 3 1
925 4 1 4 0
936 79 3 3 0
938 18 5 2 0
939 45 4 3 1
939 29 1 1 0
940 32 4 5 0
942 33 3 2 0
943 76 4 4 1
946 69 1 4 1
947 52 2 1 1
949 57 3 3 0
951 43 3 3 0
952 20 1 3 1
956 4 3 3 0
956 53 2 1 1
958 65 1 4 1
958 45 4 5 1
958 21 2 4 0
959 26 5 2 1
962 70 4 2 1
962 81 1 1 1
963 38 3 2 0
963 61 1 2 1
964 71 1 1 1
964 68 2 4 1
965 21 1 1 1
970 1 1 3 0
971 81 4 5 1
972 50 2 1 1
973 47 5 2 1
977 42 2 4 0
977 33 1 4 1
979 43 3 2 0
979 2 2 1 0
979 22 2 5 1
980 54 5 4 1
985 55 2 4 1
987 12 2 1 1
987 58 2 1 0
989 75 2 2 0
989 17 5 2 1
990 26 2 4 0
992 53 4 4 1
994 1 1 2 1
994 74 4 5 0
994 33 1 4 1
995 40 2 3 0
995 66 5 3 1
995 37 1 3 1
997 50 3 5 1
67 977
1 9 4 5 0
3 10 3 3 1
3 52 2 2 1
4 51 4 5 1
4 51 1 5 0
6 36 5 4 1
6 59 2 4 0
7 30 4 1 1
11 56 5 3 1
11 38 2 3 1
12 61 5 5 1
12 26 5 2 0
12 42 5 2 0
14 20 5 1 1
15 47 3 2 1
16 64 3 3 1
17 7 1 1 0
18 49 1 5 0
18 9 1 4 1
18 63 3 4 1
19 2 2 4 1
20 36 5 1 0
21 15 3 5 1
22 21 5 2 0
25 11 2 4 0
26 20 5 4 0
27 33 3 4 1
27 44 3 5 0
27 17 5 2 0
27 14 1 5 1
27 14 3 2 0
28 46 3 2 0
30 22 2 4 1
30 58 2 3 1
31 18 3 5 0
33 33 5 5 1
33 8 5 5 0
34 1 3 2 0
36 50 2 3 0
37 23 3 5 1
37 7 5 2 1
39 64 5 5 0
40 19 2 5 1
42 19 5 1 1
42 43 1 2 1
42 54 2 1 1
43 23 5 5 0
44 62 5 4 0
46 8 4 3 1
46 31 4 3 1
46 22 1 3 0
47 9 2 4 1
50 35 1 4 0
51 42 5 1 0
53 26 2 1 1
54 41 1 3 0
55 27 5 4 0
55 12 5 1 0
55 31 3 4 1
55 28 3 1 0
57 54 5 2 1
58 26 3 5 1
63 30 4 4 1
63 40 1 2 0
66 1 4 4 1
67 16 5 3 0
68 41 2 1 0
69 40 4 4 0
70 67 4 1 0
71 12 5 4 1
73 4 2 3 1
74 39 3 2 0
74 13 2 2 1
75 61 1 4 0
76 35 2 2 0
77 60 4 1 1
77 12 2 5 1
79 62 3 2 1
79 45 4 1 1
80 22 2 4 1
80 66 4 5 0
81 56 4 5 0
84 2 4 1 1
87 35 3 4 1
89 28 4 5 0
91 17 5 4 1
91 24 1 5 1
95 15 3 3 1
99 25 5 4 0
99 2 3 4 0
100 60 4 4 1
101 52 1 1 0
101 25 5 3 1
101 43 4 5 1
104 62 5 5 1
104 7 2 3 0
104 4 1 4 1
106 20 5 2 1
106 25 4 3 0
107 15 5 3 0
107 34 2 5 0
107 45 1 5 0
110 27 2 5 0
111 59 1 4 0
111 4 3 5 0
111 56 2 1 0
113 34 1 2 0
113 25 2 3 0
115 18 1 4 0
115 26 1 1 1
116 59 5 1 0
117 28 1 5 1
117 22 1 2 1
117 33 4 2 1
118 3 5 3 1
119 47 5 2 1
120 40 3 3 1
120 64 2 1 1
121 61 1 1 0
121 11 2 5 1
123 48 1 4 0
124 58 3 2 0
124 27 3 1 0
126 21 3 3 1
127 41 5 1 0
129 56 5 3 0
130 34 5 1 1
133 28 1 5 0
135 19 2 5 1
135 2 5 1 1
135 3 2 4 0
135 42 5 4 1
137 13 5 2 1
139 34 5 2 0
139 15 4 1 1
140 61 5 4 1
141 16 4 4 0
142 37 5 4 0
142 16 5 2 0
143 43 1 2 0
143 4 2 3 0
143 32 2 1 0
144 58 1 5 1
145 36 3 3 0
147 5 4 2 0
148 54 3 5 0
150 4 3 2 1
150 36 5 5 1
150 60 5 3 1
150 47 2 2 1
151 65 4 1 0
152 7 4 4 1
152 65 4 4 1
154 30 2 4 0
156 42 1 3 0
156 34 2 5 0
157 13 1 3 0
160 67 4 2 0
161 15 3 2 1
162 63 1 3 1
163 45 4 1 0
164 9 5 1 1
165 25 5 3 1
165 3 1 1 1
167 8 5 2 0
168 13 4 1 1
168 13 1 3 0
170 28 3 1 1
171 10 3 5 0
172 39 1 2 0
172 52 2 5 1
174 6 4 1 1
174 42 3 5 0
175 50 4 1 1
175 46 3 4 0
180 33 1 1 1
183 7 1 1 0
183 43 3 1 1
183 46 1 2 1
184 20 3 5 0
186 48 3 5 1
186 65 4 5 0
187 1 1 5 0
188 23 2 4 1
189 22 4 4 1
189 17 2 2 0
189 38 1 3 1
190 2 3 4 0
190 11 2 1 1
191 65 1 2 0
195 8 2 4 0
198 11 3 1 0
198 65 4 1 1
199 14 1 4 1
199 28 1 2 1
201 47 3 3 0
206 39 4 4 0
207 4 2 4 0
208 15 3 3 0
209 2 2 4 0
211 5 4 1 0
211 45 1 3 0
213 31 5 4 1
214 15 2 5 1
214 40 5 2 0
214 9 3 1 1
215 36 5 4 1
215 13 1 4 0
216 27 1 5 0
216 29 3 1 1
218 44 5 5 0
219 41 2 5 0
220 26 1 2 0
221 52 5 2 1
223 57 5 4 1
226 17 3 3 1
227 29 3 3 1
227 7 2 3 1
228 45 2 5 1
228 67 1 2 1
230 59 1 5 1
231 44 5 2 1
233 58 2 1 0
233 18 3 1 1
233 49 5 5 0
235 41 2 3 0
235 65 2 1 1
237 67 2 5 1
237 23 4 5 0
237 65 2 5 0
239 57 5 3 1
242 51 4 1 0
244 13 4 3 0
245 45 4 2 1
246 64 2 3 0
247 22 3 2 0
248 52 2 4 0
248 62 4 2 0
248 36 2 5 1
249 10 3 4 0
251 4 2 3 0
251 12 2 1 0
252 58 3 4 0
252 64 5 3 0
252 45 4 1 0
252 47 2 5 1
253 10 2 2 0
254 53 2 2 0
254 54 5 3 1
255 38 1 1 1
255 10 2 3 1
256 63 2 4 0
258 30 2 5 1
259 23 3 5 0
259 17 3 2 1
260 39 4 5 0
260 59 1 3 1
260 7 2 5 1
260 7 1 4 0
261 19 3 2 0
261 35 2 5 1
262 25 2 4 1
264 33 3 2 0
265 55 3 1 1
265 8 1 2 1
266 33 5 4 1
266 3 2 2 1
267 21 1 3 0
268 53 3 1 1
269 4 2 4 1
271 10 3 2 0
272 55 3 4 0
273 58 1 2 0
273 13 5 1 1
274 56 3 2 1
274 28 4 5 0
275 22 2 1 0
275 16 4 5 1
276 12 3 1 0
276 55 3 3 1
277 59 2 2 1
278 16 1 4 1
278 62 4 4 0
278 10 3 4 1
279 24 2 1 1
279 22 3 5 0
282 45 2 4 0
282 44 3 4 1
283 22 1 1 0
283 64 5 5 0
284 7 3 5 0
284 55 3 4 1
285 13 5 4 0
287 59 3 3 0
287 67 1 3 0
287 41 3 4 1
289 22 5 5 1
289 34 1 2 0
290 18 2 5 0
291 27 3 1 1
291 8 4 2 0
292 53 2 3 1
294 28 2 1 0
295 57 3 5 0
296 13 4 4 0
296 26 3 1 0
299 22 5 2 1
299 33 2 1 1
299 36 4 2 0
300 63 4 1 0
300 17 3 3 1
303 18 5 5 1
303 3 5 5 0
303 64 3 2 1
304 4 4 3 0
304 6 5 1 0
305 16 2 3 1
306 28 1 3 0
309 45 5 5 1
309 6 1 5 1
310 55 2 2 1
311 59 4 5 0
313 48 3 1 0
314 28 1 3 0
315 41 2 3 1
318 62 4 5 0
318 65 3 5 0
318 10 2 2 0
318 56 4 1 0
319 62 1 1 1
320 58 4 2 1
320 40 1 3 1
321 5 1 3 0
323 11 3 4 1
325 26 3 4 1
325 49 1 4 1
325 54 2 3 1
326 1 5 3 1
326 22 2 2 0
326 46 1 5 0
326 55 1 5 1
327 60 5 4 1
330 34 3 1 0
331 50 5 5 1
333 31 5 5 0
334 24 5 3 0
337 42 5 5 1
338 35 1 1 0
341 3 4 1 1
342 64 4 2 0
342 57 5 2 1
344 52 4 4 1
345 57 5 2 1
346 59 1 1 1
347 54 1 1 1
347 36 3 5 1
348 28 1 4 0
348 35 5 1 0
350 44 4 2 1
352 7 1 5 1
352 12 1 5 0
352 43 2 2 1
352 26 5 5 1
355 23 1 5 0
355 7 1 2 0
356 3 5 2 0
360 31 1 3 1
361 27 1 1 0
361 4 5 1 0
365 26 1 2 1
366 27 3 4 0
366 59 2 3 0
367 9 4 1 1
367 25 1 4 1
368 44 4 5 1
368 15 4 1 1
370 2 4 1 0
372 61 4 3 0
373 30 1 3 0
373 12 1 3 0
374 4 5 1 1
374 28 2 4 1
374 65 2 2 1
375 24 5 3 1
377 25 3 2 1
377 16 3 2 1
378 20 3 1 1
381 50 4 1 0
383 64 3 3 0
387 11 1 4 1
389 62 4 5 1
389 6 3 5 1
390 20 3 2 0
390 41 5 2 0
390 4 3 2 0
391 61 2 2 0
395 56 1 2 1
396 33 3 2 0
397 3 4 4 0
398 25 1 2 0
399 26 4 3 1
401 41 2 5 1
401 3 5 1 1
402 43 5 1 0
403 1 2 2 1
403 58 4 4 1
404 38 1 3 0
404 67 2 3 0
405 44 3 2 1
408 44 3 3 1
409 44 4 1 1
410 21 4 2 0
410 53 3 5 1
412 10 2 5 0
413 51 4 1 1
414 18 2 1 0
415 52 3 4 1
415 67 3 1 1
416 49 2 4 0
419 50 2 3 1
420 66 2 3 1
421 55 5 5 0
423 13 2 5 1
424 54 2 5 1
427 21 3 2 0
429 56 1 5 1
431 63 2 1 1
432 60 4 1 1
432 62 4 4 1
434 5 5 2 1
435 38 5 3 0
436 43 2 3 0
437 44 3 2 1
437 24 2 2 1
438 56 4 2 0
440 62 2 2 0
441 7 1 3 1
441 63 4 2 0
441 5 2 2 1
442 57 1 2 0
442 53 2 1 1
446 49 5 1 0
446 34 3 3 0
446 57 2 4 0
446 2 5 2 1
448 25 3 1 1
448 50 1 3 1
450 14 5 3 1
450 41 2 2 0
454 9 4 4 0
455 40 3 5 0
457 63 2 4 0
459 41 4 3 1
463 6 5 3 0
463 56 5 4 1
464 63 3 3 1
464 29 5 2 0
465 10 1 1 1
465 27 4 4 0
469 57 4 2 1
469 60 3 1 1
471 56 2 3 0
473 1 3 4 1
473 63 4 5 1
474 39 1 1 1
474 46 5 1 1
475 25 3 4 0
477 67 4 1 1
477 36 5 3 1
478 47 1 5 0
478 46 1 4 0
478 20 2 2 1
478 13 4 2 0
481 19 1 5 1
482 18 1 4 0
484 39 5 2 1
485 46 2 1 0
487 26 5 4 0
488 24 4 4 1
490 48 3 3 1
490 29 4 4 0
491 5 1 4 1
492 59 4 3 0
493 14 1 1 1
493 2 4 4 0
493 15 1 5 1
494 26 2 4 0
494 25 3 5 0
494 39 1 1 0
497 35 5 3 1
497 7 1 4 1
500 5 4 5 0
503 7 5 5 0
504 38 1 4 1
504 24 4 1 0
505 30 4 4 1
506 60 1 5 1
506 54 5 4 1
508 26 3 5 1
508 33 3 5 1
508 63 1 4 1
508 31 5 1 0
509 7 1 3 1
509 37 5 3 1
510 31 2 4 0
512 65 3 1 0
513 39 4 2 0
515 62 1 3 1
515 20 4 2 1
518 59 1 1 0
519 31 3 4 0
522 56 1 2 1
526 59 5 2 0
527 37 2 2 1
528 56 1 3 1
528 44 5 3 0
529 1 4 5 1
529 43 3 3 1
531 65 2 3 0
531 10 2 2 0
533 52 3 3 1
534 29 3 2 0
534 21 5 5 0
535 66 5 1 1
537 8 2 3 0
537 14 2 1 1
538 8 2 4 0
538 45 5 4 0
539 59 2 3 1
540 47 4 2 1
542 4 1 1 1
542 62 3 5 0
542 33 4 2 0
543 45 3 3 1
546 27 3 1 1
547 15 3 1 0
548 58 5 4 0
548 46 5 2 1
550 7 3 4 1
550 17 5 3 0
551 14 1 5 1
552 22 2 1 0
553 2 1 4 1
553 13 2 3 0
553 55 4 1 1
556 4 2 5 0
557 1 2 5 0
557 1 2 5 0
560 34 4 5 1
561 30 5 1 0
561 17 5 4 0
563 26 3 5 0
563 37 4 3 0
564 44 4 3 1
564 5 1 5 1
564 64 3 1 0
565 61 5 2 0
565 43 3 3 0
565 66 1 4 0
566 58 1 3 1
566 5 5 4 0
566 44 3 1 0
566 45 2 3 0
570 31 5 5 1
570 1 1 5 1
570 48 2 2 1
571 54 2 4 1
571 27 1 2 0
572 19 2 5 0
573 67 4 3 0
574 4 4 4 0
575 60 4 4 0
575 37 5 4 0
576 52 5 2 0
576 25 3 1 1
578 30 5 4 1
578 24 5 3 0
579 34 2 5 0
579 27 3 1 0
580 24 5 5 1
582 50 4 2 0
582 3 4 1 1
584 34 3 2 0
584 5 1 3 1
584 53 4 1 1
587 4 2 1 0
593 32 1 4 1
593 31 2 5 1
594 32 3 3 0
595 55 3 3 1
596 55 1 4 1
597 41 2 1 1
599 16 2 1 1
601 6 4 4 1
602 15 3 4 0
603 10 3 3 0
604 34 5 1 1
605 64 4 3 1
605 39 4 1 0
608 14 4 4 0
608 54 5 1 1
609 11 1 3 0
609 54 2 3 0
613 48 3 5 1
616 11 1 2 1
616 53 3 2 1
617 64 4 3 1
617 51 3 1 0
618 18 5 1 1
619 41 3 4 1
619 55 2 5 0
621 23 4 4 0
621 31 1 3 0
622 26 3 3 0
623 10 5 4 0
623 61 4 3 0
623 14 4 5 1
625 51 3 5 0
625 53 1 2 1
627 24 3 1 0
629 41 3 3 0
629 49 5 3 1
630 5 3 2 0
630 27 1 1 1
630 49 2 4 0
632 29 2 1 1
634 13 3 3 1
634 27 1 5 0
635 12 5 4 1
636 1 5 4 1
637 7 5 3 0
638 64 1 5 0
638 39 2 1 0
638 58 4 4 0
639 11 2 2 0
639 31 1 1 0
639 10 2 4 1
640 65 3 3 0
642 51 2 3 1
642 41 5 5 1
643 18 4 4 1
646 42 3 1 1
647 35 4 4 0
647 18 5 4 0
647 61 4 2 0
650 42 1 5 1
651 48 1 5 1
651 51 3 1 1
655 63 5 2 1
657 26 4 1 0
657 22 5 3 1
657 56 4 2 1
657 62 4 3 0
658 36 2 3 1
658 9 3 1 0
659 49 3 4 0
660 49 2 2 0
661 61 2 5 0
662 53 2 5 1
663 52 1 2 1
664 20 5 2 1
667 28 3 2 0
669 41 5 2 0
670 20 4 1 0
670 66 5 4 0
672 42 4 5 1
674 61 4 5 1
676 18 5 2 1
676 30 4 5 1
677 59 2 3 1
679 14 2 3 1
681 17 4 5 0
681 58 4 3 1
682 30 5 2 0
685 2 3 2 1
685 67 2 4 0
686 37 5 5 1
687 3 1 1 1
687 66 5 2 1
688 54 1 4 0
689 48 3 3 0
689 62 1 1 1
690 65 2 4 1
690 43 2 5 1
692 41 4 4 1
692 26 4 4 0
693 23 5 3 1
693 48 3 3 1
694 29 5 1 0
695 43 3 2 1
697 45 3 1 1
698 47 5 4 0
699 17 2 4 1
702 41 4 4 0
704 22 5 5 1
705 16 3 4 0
708 11 3 4 0
708 46 2 5 1
709 38 2 4 1
710 57 5 3 1
710 2 4 4 1
711 40 3 5 0
712 45 3 1 1
713 49 1 5 0
713 9 4 3 1
715 33 5 4 1
716 10 5 5 1
719 29 2 2 0
721 66 1 5 0
722 59 1 4 0
724 28 4 4 0
725 18 3 3 1
725 62 4 4 0
726 44 5 1 0
726 5 4 1 1
728 13 5 3 0
728 38 4 1 1
730 8 2 5 1
730 30 4 3 0
731 61 3 5 1
731 26 5 4 1
735 67 2 1 1
735 40 5 1 0
737 57 3 1 1
738 49 4 3 0
738 63 4 3 0
739 32 3 5 0
740 63 1 3 1
740 5 4 5 0
743 9 4 5 0
743 42 5 1 0
745 51 5 5 1
748 25 5 3 0
750 63 4 5 0
750 9 5 5 1
751 20 1 5 1
753 51 1 3 0
754 3 1 2 0
756 16 4 5 1
757 55 1 2 1
759 18 3 3 0
761 9 5 4 0
761 41 5 2 1
763 19 3 3 1
765 67 5 5 0
766 31 1 5 1
768 59 3 4 1
770 33 1 5 1
770 17 4 2 0
771 29 3 2 0
773 1 4 4 0
775 15 2 4 1
776 17 2 1 0
777 32 3 1 0
779 26 3 5 1
781 34 3 5 1
782 30 4 1 0
783 16 5 2 1
784 58 2 5 1
784 62 4 4 1
785 21 4 3 0
788 40 2 1 0
789 44 3 1 0
789 30 3 1 0
791 60 1 1 1
792 48 5 4 1
793 44 4 1 0
793 53 1 5 1
794 50 4 4 1
794 36 4 2 0
795 66 5 2 1
795 7 3 3 0
795 7 3 5 1
796 64 3 3 1
796 8 2 3 1
798 8 4 3 0
801 3 4 3 0
801 51 4 4 0
801 46 1 5 1
802 39 1 4 0
803 9 2 3 0
805 48 4 5 1
806 66 5 5 0
806 10 5 1 0
808 47 4 3 1
808 24 5 4 1
810 1 1 5 0
810 22 1 3 0
813 65 5 2 0
813 65 3 5 0
814 53 5 2 0
815 29 5 3 1
815 31 3 2 0
817 45 1 4 0
817 14 1 3 1
818 25 5 3 0
818 4 3 5 0
818 45 2 4 0
819 25 2 4 0
819 67 3 5 0
819 8 1 3 0
822 60 1 4 1
825 21 4 5 1
826 48 2 5 0
827 67 5 3 1
828 45 1 3 0
829 28 4 3 0
830 51 1 2 1
830 47 5 2 1
832 23 3 3 1
833 29 2 3 0
833 2 1 3 0
833 53 4 4 1
834 60 3 5 0
836 33 2 3 1
836 67 5 3 1
836 14 1 5 1
836 60 2 1 1
836 66 5 5 1
837 7 1 5 0
837 57 4 1 0
837 38 5 3 0
837 23 2 3 1
839 13 3 2 0
840 21 1 4 1
840 47 5 5 0
841 10 5 5 1
841 2 4 4 1
842 20 2 2 0
844 20 5 4 0
845 61 4 1 0
850 38 5 1 1
850 19 5 3 1
850 66 4 5 1
851 57 1 4 0
851 52 1 4 1
852 44 4 1 0
853 49 4 2 1
854 25 5 5 0
854 21 2 1 0
854 50 3 5 1
856 50 5 1 0
856 11 2 3 1
857 24 1 3 1
857 31 1 4 1
857 36 4 5 1
858 53 1 1 0
858 8 4 4 1
858 53 1 2 1
861 12 4 1 0
864 62 3 5 1
864 2 4 5 0
865 8 5 4 0
865 31 3 4 1
865 15 1 3 1
865 13 2 3 1
867 16 1 4 0
870 36 5 5 1
872 50 1 2 1
872 6 2 1 0
876 7 5 5 1
876 44 5 2 0
877 9 2 4 0
878 31 1 1 1
880 52 4 5 0
882 57 4 1 0
882 40 3 2 1
884 33 5 2 1
885 19 3 1 0
885 60 4 5 1
886 50 3 2 1
888 46 1 5 0
889 32 3 3 0
889 56 5 1 0
891 5 2 4 1
891 52 1 2 0
891 56 3 4 0
891 42 5 1 0
891 62 1 4 1
894 40 3 3 1
895 12 2 5 1
896 40 3 2 0
896 1 2 5 1
898 53 2 4 1
898 29 5 5 0
901 43 5 5 1
901 18 5 5 0
901 37 1 1 1
902 61 4 5 1
902 60 1 2 0
902 14 2 2 0
902 13 5 3 0
902 22 2 2 1
904 62 3 4 0
905 48 4 4 0
905 39 1 3 0
906 8 1 3 1
906 21 2 2 0
910 58 2 1 0
911 36 3 2 0
914 2 2 1 1
915 60 2 1 0
916 29 4 2 1
916 40 5 4 0
917 41 3 5 1
918 47 5 3 0
920 19 2 5 1
921 51 1 1 1
922 43 1 1 1
922 8 4 1 0
924 23 3 3 1
924 44 5 4 0
925 35 1 2 1
925 19 4 5 0
925 58 5 2 0
926 31 2 2 0
926 22 1 4 1
927 15 3 5 1
929 9 4 1 0
930 62 4 3 0
930 32 3 3 1
935 56 3 4 1
936 65 3 5 1
938 23 1 3 0
941 33 2 1 0
942 65 1 3 1
943 26 3 3 1
944 58 2 1 0
945 20 1 2 0
946 20 1 2 0
947 39 2 3 1
947 29 4 4 1
947 37 3 1 0
949 61 2 2 1
951 60 3 5 0
954 33 3 1 1
957 7 3 2 0
958 19 5 3 1
959 43 3 4 1
960 45 5 4 1
962 8 3 1 1
963 53 1 3 0
964 64 4 2 1
969 46 4 4 1
969 60 5 5 0
972 52 1 5 1
972 62 5 1 1
973 31 4 2 1
974 56 4 5 0
976 54 2 1 1
978 14 3 1 0
978 14 1 4 0
978 3 1 3 1
980 32 2 5 1
980 60 1 1 0
980 39 1 4 0
981 15 2 1 1
981 19 5 3 1
985 37 1 2 0
986 37 5 3 1
987 67 4 3 0
987 59 2 2 0
987 52 1 4 0
987 39 2 5 0
988 10 4 2 1
992 48 5 1 0
992 48 3 5 0
992 47 1 3 1
993 16 1 3 0
994 54 4 4 1
994 12 3 1 1
994 30 3 3 1
995 55 5 1 0
997 47 4 3 0
998 13 5 4 0
999 49 1 5 1
999 28 4 2 0
