Case #1: 47 52 20 57 8 19 30 5 12 10 36 31 45 56 18 48 42 50 22 58 26 17 39 44 59 24 54 46 28 32 51 1 14 38 6 55 49 35 37 33 34 16 11 53 7 25 43 9 27 23 3 29 21 4 13 40 41 2 15
Case #2: 39 37 1 26 10 53 38 29 15 2 40 16 36 6 30 45 31 55 59 21 25 58 34 42 49 61 60 24 43 56 47 23 48 22 13 32 4 57 20 33 7 11 18 28 44 17 51 9 12 14 52 19 5 54 41 27 50 3 35 46 8
Case #3: 74 54 87 42 16 13 82 45 76 29 11 9 75 26 66 44 36 79 2 83 21 3 84 80 64 32 39 78 18 20 37 27 34 69 52 41 68 67 30 14 59 40 23 86 7 63 53 50 35 73 56 71 72 85 19 31 22 25 8 24 4 17 58 48 28 33 6 65 61 10 81 12 5 62 51 77 15 1 38 43 60 55 70 47 49 46 57
Case #4: 32 43 42 16 8 10 56 4 61 28 6 30 40 50 24 14 59 53 54 37 3 48 25 22 19 39 5 21 58 47 55 38 46 51 26 29 31 13 23 1 2 11 49 15 7 60 34 33 45 41 36 18 9 57 44 12 52 27 35 20 17
Case #5: 44 24 40 37 35 12 5 22 50 47 32 13 8 7 48 3 2 52 20 55 36 53 18 34 49 15 29 46 38 57 21 4 14 27 39 33 9 26 56 30 42 11 23 41 19 28 43 1 31 51 17 25 45 16 10 6 54
Case #6: 12 25 15 34 7 42 10 49 4 53 43 6 38 19 32 18 35 1 29 30 41 50 8 13 9 3 24 14 21 52 28 2 22 39 20 17 31 11 23 47 48 16 27 40 36 51 26 5 44 46 37 45 33
Case #7: 50 58 13 2 1 36 39 49 30 64 37 38 14 42 66 61 60 20 11 3 21 57 23 18 48 26 17 27 15 35 44 34 16 4 63 32 55 65 9 51 53 25 54 46 59 47 40 62 29 19 52 5 7 41 12 33 22 8 43 45 28 6 56 24 31 10
Case #8: 36 5 14 11 21 57 43 53 42 47 4 55 29 8 12 61 45 26 6 19 28 52 64 34 18 50 15 41 40 35 23 60 39 7 31 62 71 9 13 16 22 37 68 67 27 44 69 32 38 20 58 56 25 46 65 51 1 70 63 10 33 48 3 30 59 17 66 54 24 2 49
Case #9: 9 55 10 54 4 3 71 18 78 16 7 72 39 62 35 80 26 30 63 24 17 79 75 2 58 45 23 67 40 48 43 25 46 74 8 11 32 47 36 38 56 5 49 51 61 33 65 81 69 76 21 1 19 68 66 14 77 53 20 44 28 12 6 27 52 50 57 42 22 70 29 64 37 60 82 13 41 34 59 31 73 15
Case #10: 36 26 33 41 22 62 31 7 61 1 48 30 54 10 19 60 43 24 44 45 57 15 53 50 66 42 56 52 2 18 16 14 12 63 47 23 9 51 58 37 64 25 29 17 65 55 8 67 13 46 34 20 6 35 5 59 3 11 21 49 38 4 40 32 28 39 27
